00003	-6.41349	-0.640255	9.31435	347.558	220.505	43.4019	-30.7038	906.864
00004	-6.76448	-0.740889	9.66929	347.314	220.402	43.0202	-30.8683	906.94
00005	-6.68167	-0.811169	9.59879	347.325	220.591	43.0255	-30.5611	906.659
00006	-6.48908	-0.910148	9.42904	347.251	220.441	42.9087	-30.7977	906.661
00007	-7.3688	-1.12252	10.0385	347.341	220.561	43.0335	-30.5965	906.301
00008	-7.25959	-1.08074	10.0551	347.286	220.021	42.9554	-31.4524	906.485
00009	-7.10605	-0.928173	9.87632	347.413	220.93	43.1313	-30.0042	905.967
00010	-6.69131	-0.81373	9.99394	347.256	220.603	42.8778	-30.5134	905.83
00011	-7.277	-0.968173	9.83474	347.498	220.93	43.2485	-29.9925	905.629
00012	-6.78411	-0.658138	9.5662	347.361	221.034	43.0346	-29.8306	905.679
00013	-6.34381	-0.619792	9.9869	347.136	221.003	42.6765	-29.8762	905.565
00014	-7.15926	-0.722462	9.59008	347.407	221	43.0971	-29.8771	905.456
00015	-6.82646	-0.742843	9.76613	347.178	220.927	42.7454	-29.9988	905.655
00016	-6.94388	-0.631129	9.79166	347.22	220.811	42.8149	-30.1824	905.709
00017	-6.83967	-0.68592	9.90575	347.096	220.918	42.6179	-30.0131	905.673
00018	-6.67785	-0.726014	9.80549	346.997	220.985	42.4619	-29.9084	905.675
00019	-7.22878	-0.988766	10.7751	346.871	220.706	42.2726	-30.3525	905.841
00020	-6.51966	-0.830728	10.7539	346.48	220.52	41.6639	-30.6496	906.005
00021	-6.90043	-0.879703	11.0844	346.363	220.773	41.4805	-30.2516	905.996
00022	-6.65621	-1.05305	11.4319	346.044	220.76	40.9722	-30.2677	905.869
00023	-6.46057	-1.03552	11.545	345.822	220.846	40.6247	-30.1343	905.894
00024	-6.37941	-0.993788	12.0141	345.658	220.798	40.3597	-30.2041	905.745
00025	-6.32459	-1.02055	12.2762	345.198	220.6	39.6379	-30.517	905.799
00026	-6.74692	-1.51617	12.7039	345.015	220.632	39.3371	-30.457	905.49
00027	-5.89771	-1.71558	13.8743	344.044	219.706	37.8172	-31.9192	905.669
00028	-4.92456	-2.49128	16.1873	342.206	219.438	34.9233	-32.3377	905.597
00029	-4.54079	-2.80945	17.6635	341.305	218.704	33.5193	-33.5046	905.936
00030	-4.19759	-3.41729	18.5642	340.344	218.763	32.0119	-33.417	906.081
00031	-3.96004	-3.90363	19.4341	339.62	218.832	30.8789	-33.3148	906.228
00032	-4.68552	-4.16236	20.5305	338.75	218.278	29.5261	-34.2064	906.76
00033	-4.76976	-5.10762	22.0646	337.803	217.518	28.0436	-35.4137	907.03
00034	-4.79271	-5.28443	23.1016	337.016	217.486	26.825	-35.4935	907.765
00035	-4.50668	-6.22052	24.168	335.919	217.123	25.0997	-36.0693	907.884
00036	-4.83404	-6.7754	25.1409	335.141	216.3	23.8897	-37.3931	908.511
00037	-4.25033	-6.97288	25.165	334.676	216.282	23.1616	-37.4319	908.767
00038	-4.28425	-7.61389	26.428	333.813	215.19	21.8218	-39.1951	909.697
00039	-4.29358	-9.313	27.0962	332.365	213.957	19.5457	-41.1669	910.218
00040	-3.75793	-10.2346	28.1289	331.846	213.056	18.7388	-42.6199	910.827
00041	-3.72131	-10.5875	28.814	331.548	212.706	18.281	-43.2085	911.558
00042	-2.9611	-10.8833	28.9015	331.192	212.617	17.7238	-43.3636	911.875
00043	-3.08538	-11.1636	29.0979	331.13	212.216	17.6368	-44.0255	912.41
00044	-4.41995	-11.9714	28.9289	331.18	211.978	17.7241	-44.4245	912.873
00045	-3.56094	-12.3953	29.1299	330.775	211.511	17.088	-45.1804	913.176
00046	-3.37954	-12.6156	29.1157	330.635	211.389	16.8709	-45.3864	913.435
00047	-3.50289	-14.1575	30.2715	330.273	210.153	16.3112	-47.3917	914.303
00048	-3.04433	-14.6629	30.2893	330.114	209.911	16.0619	-47.7836	914.436
00049	-3.16138	-15.5414	31.2742	329.795	208.78	15.5755	-49.6466	915.659
00050	-2.65515	-17.2047	31.7132	329.188	208.083	14.6239	-50.7992	916.474
00051	-2.85606	-17.709	31.8649	329.135	208.276	14.5458	-50.5119	916.839
00052	-2.69517	-18.5289	32.7757	328.778	206.962	14.0028	-52.7042	918.59
00053	-3.02508	-18.7379	32.7581	329.07	206.69	14.4841	-53.1959	919.563
00054	-3.15978	-19.8473	33.2829	328.692	205.837	13.8958	-54.6151	920.523
00055	-2.64675	-19.9111	33.8253	328.515	205.872	13.621	-54.5952	921.153
00056	-2.38293	-20.3481	34.2395	327.962	206.096	12.7457	-54.2716	921.722
00057	-2.441	-21.0022	34.8834	327.617	205.292	12.2096	-55.6316	922.94
00058	-2.87801	-21.4331	35.6827	327.289	205.282	11.6935	-55.6981	923.782
00059	-2.72454	-21.8066	35.9638	327.189	204.92	11.5462	-56.3388	924.756
00060	-3.13349	-23.7725	36.9385	326.875	203.175	11.0725	-59.306	927.348
00061	-2.95785	-24.0841	36.8899	326.739	202.971	10.8624	-59.6821	928.073
00062	-3.37238	-24.4229	36.8395	327.148	202.485	11.5335	-60.5273	929.04
00063	-3.37631	-25.034	37.1246	326.961	202.544	11.2316	-60.4327	929.043
00064	-2.4141	-25.1236	37.0922	327.027	202.171	11.3457	-61.0761	929.661
00065	-2.53321	-25.5095	37.5492	326.947	202.455	11.2149	-60.6117	929.58
00066	-2.61735	-26.0675	37.9829	326.99	201.747	11.2925	-61.8013	930.273
00067	-2.90547	-26.5807	38.4163	327.534	201.525	12.1829	-62.2142	931.093
00068	-1.32256	-26.4622	38.4462	326.892	201.323	11.1465	-62.549	931.207
00069	-2.12972	-26.4667	38.4874	327.504	201.651	12.1398	-62.0388	931.511
00070	-1.55207	-26.9817	38.8574	327.701	201.244	12.4688	-62.747	932.255
00071	-1.05751	-28.287	38.74	327.466	200.982	12.0875	-63.1709	932.255
00072	-2.69452	-29.0179	38.993	327.928	200.546	12.8539	-63.9684	933.59
00073	-1.96734	-29.131	38.969	327.736	200.499	12.5469	-64.063	933.864
00074	-2.89749	-29.5482	38.7186	328.104	200.211	13.1525	-64.575	934.502
00075	-2.69841	-30.0336	39.1984	328.059	199.634	13.0961	-65.5925	935.66
00076	-2.40596	-29.9229	39.1418	327.876	199.794	12.8035	-65.3605	936.08
00077	-2.31714	-30.743	39.6119	327.612	199.322	12.3821	-66.1679	936.634
00078	-2.23497	-30.8073	39.9745	327.734	198.956	12.6019	-66.8762	938.211
00079	-2.1585	-30.9233	40.1343	327.872	198.733	12.8425	-67.3195	939.344
00080	-2.27954	-30.9931	39.7186	327.801	199.341	12.727	-66.332	939.392
00081	-1.95513	-30.8779	40.0131	327.834	199.787	12.7841	-65.6239	939.668
00082	-3.33247	-31.6645	39.8311	327.579	199.764	12.3903	-65.7762	941.325
00083	-3.73225	-31.9023	39.5301	327.894	199.967	12.9022	-65.4309	941.139
00084	-3.83211	-31.7599	39.4543	327.715	199.653	12.6143	-65.9707	941.517
00085	-2.36383	-31.6428	39.6935	327.048	200.327	11.5133	-64.8077	940.627
00086	-3.89878	-31.9267	39.5119	327.448	199.741	12.1739	-65.8087	941.237
00087	-3.20119	-31.4316	39.6847	327.744	199.791	12.6592	-65.7343	941.35
00088	-3.22237	-32.0478	39.7859	327.361	199.277	12.0345	-66.579	941.408
00089	-2.42175	-31.0964	39.8217	327.16	200.309	11.6966	-64.8413	940.675
00090	-2.28941	-30.8744	39.1434	327.302	200.054	11.929	-65.2546	940.643
00091	-2.95446	-30.8529	38.9282	326.637	200.424	10.8246	-64.5444	939.1
00092	-4.95522	-31.139	38.4397	327.1	200.852	11.5746	-63.8195	938.695
00093	-4.18322	-30.8426	38.3797	327.112	200.582	11.5974	-64.2819	939.017
00094	-3.88172	-30.7555	39.02	327.002	200.845	11.4191	-63.8525	939.013
00095	-4.81136	-31.2581	38.3147	326.925	200.773	11.2899	-63.9513	938.756
00096	-3.93667	-30.3487	37.9781	326.898	200.493	11.2483	-64.4238	938.969
00097	-4.44437	-30.5922	37.6638	327.275	200.672	11.8578	-64.1047	938.576
00098	-5.35899	-30.4259	36.344	328.162	200.498	13.2981	-64.361	938.183
00099	-4.35107	-30.2926	36.3622	328.403	200.288	13.6857	-64.6785	937.829
00100	-4.65223	-30.4195	36.0464	328.414	200.369	13.6917	-64.4909	937.006
00101	-4.90146	-30.5423	34.9744	328.732	200.248	14.1946	-64.6196	936.032
00102	-3.38227	-29.3799	33.9106	328.996	201.068	14.6014	-63.1884	934.586
00103	-4.90005	-29.2884	32.4943	329.996	200.98	16.2145	-63.2962	934.047
00104	-4.69685	-29.2061	31.851	330.543	200.324	17.1004	-64.3547	933.979
00105	-4.62624	-29.2807	30.7943	330.715	200.594	17.355	-63.8251	932.641
00106	-4.00116	-29.4374	30.6621	330.95	200.368	17.7247	-64.1503	932.052
00107	-4.43408	-28.9222	29.2614	332.154	200.674	19.6712	-63.6514	931.983
00108	-3.85014	-28.8997	28.8202	332.176	200.553	19.6869	-63.7825	931.044
00109	-4.20855	-28.9293	27.3745	333.09	200.908	21.1362	-63.1229	929.789
00110	-3.79628	-28.3756	26.6442	333.815	200.868	22.3067	-63.1854	929.764
00111	-4.05864	-28.3554	26.0655	334.097	200.844	22.7506	-63.1936	929.315
00112	-4.42897	-28.1204	25.3639	334.838	201.116	23.9357	-62.7264	928.886
00113	-4.51339	-28.1872	25.0058	335.014	201.05	24.2187	-62.8297	928.838
00114	-4.61334	-27.9741	24.5993	335.288	200.479	24.6678	-63.7684	929.096
00115	-4.62887	-27.7727	23.5631	336.003	200.373	25.8189	-63.9356	929.035
00116	-4.39485	-27.4639	22.4649	336.461	200.972	26.5229	-62.8839	927.787
00117	-4.66321	-27.195	21.6214	337.139	201.046	27.6137	-62.7603	927.711
00118	-4.3371	-27.1508	21.098	337.207	201.198	27.7032	-62.4724	927.085
00119	-3.14866	-27.2341	21.2174	337.361	201.253	27.9455	-62.3687	926.849
00120	-3.93903	-26.4578	18.8292	338.536	201.319	29.8156	-62.2195	926.216
00121	-4.56734	-26.7072	18.5184	338.782	201.091	30.1986	-62.56	925.827
00122	-3.83022	-26.2429	18.2015	338.943	201.199	30.4522	-62.3738	925.65
00123	-3.83186	-26.1556	17.693	339.161	201.209	30.7943	-62.3419	925.406
00124	-4.19906	-26.2816	17.2166	339.713	201.13	31.6686	-62.4434	925.036
00125	-3.64404	-26.2744	16.3955	340.063	201.714	32.1868	-61.4209	923.765
00126	-3.23949	-25.7706	16.0865	340.147	201.681	32.3202	-61.4719	923.741
00127	-3.29698	-25.7468	15.3139	340.56	201.4	32.9683	-61.8952	923.332
00128	-3.84746	-25.9177	14.8577	340.985	201.635	33.6217	-61.467	922.557
00129	-4.01949	-25.7767	14.7402	341.501	200.834	34.4764	-62.8007	923.292
00130	-3.64971	-25.3843	14.0428	341.891	201.383	35.0624	-61.8521	922.268
00131	-3.59047	-25.0549	12.0472	343.016	201.694	36.8125	-61.2678	920.967
00132	-3.81514	-24.9678	11.9275	343.306	201.884	37.2575	-60.9325	920.504
00133	-3.89351	-24.8692	10.9929	343.934	201.821	38.2475	-61.0109	920.163
00134	-4.52884	-24.6072	10.2857	344.59	201.595	39.2978	-61.3772	920.236
00135	-4.09291	-24.4229	9.51983	345.347	202.007	40.4821	-60.6796	919.653
00136	-3.97285	-24.4453	9.71875	345.283	201.86	40.3843	-60.9208	919.75
00137	-4.14139	-24.4263	9.13307	345.371	201.986	40.5142	-60.7041	919.508
00138	-4.13586	-24.1647	9.09031	345.674	202.463	40.9873	-59.9257	919.258
00139	-4.11275	-24.3667	8.64878	345.743	202.239	41.1056	-60.2955	919.451
00140	-4.80419	-24.3754	8.53422	346.11	202.1	41.7026	-60.5327	919.679
00141	-4.32824	-24.4259	8.17772	346.214	202.576	41.8526	-59.75	919.338
00142	-4.16808	-24.0924	7.64923	346.423	202.449	42.1908	-59.9594	919.428
00143	-3.88514	-24.4431	5.96097	347.465	202.066	43.8526	-60.5669	919.376
00144	-3.89874	-24.5684	6.14552	347.547	201.872	43.9887	-60.8847	919.5
00145	-3.97959	-24.576	5.78276	347.81	201.701	44.4237	-61.1791	919.822
00146	-3.95105	-24.7232	5.36661	348.013	202.01	44.7333	-60.6651	919.504
00147	-4.47931	-24.8071	4.40477	348.648	201.818	45.7517	-60.9785	919.607
00148	-4.13837	-24.5162	3.72653	348.941	202.293	46.2053	-60.1998	919.297
00149	-4.18633	-24.6721	3.86298	349.157	202.264	46.5475	-60.2438	919.26
00150	-3.8447	-23.9999	2.67293	350.036	203.336	47.902	-58.4709	918.31
00151	-3.85732	-24.0434	2.81595	350.081	202.871	47.9996	-59.246	918.823
00152	-4.04834	-23.9663	2.38787	350.511	202.854	48.6848	-59.2715	918.8
00153	-3.4739	-24.0871	2.18374	350.5	202.325	48.6932	-60.149	919.296
00154	-4.42091	-24.0714	1.14418	351.102	202.739	49.6209	-59.4473	918.674
00155	-3.96887	-24.06	1.32824	351.04	202.502	49.5451	-59.8527	919.095
00156	-4.09541	-23.9881	1.54447	350.993	202.492	49.4613	-59.8586	918.947
00157	-4.46706	-23.7614	1.17115	351.173	202.518	49.7533	-59.8219	919.019
00158	-4.69849	-23.996	0.420405	351.632	202.302	50.4971	-60.1808	919.227
00159	-4.20688	-23.8213	0.20269	351.822	202.532	50.7878	-59.7977	918.991
00160	-4.4091	-23.8441	0.178223	351.967	202.457	51.0147	-59.9129	918.923
00161	-4.18603	-23.4788	-2.47882	353.495	202.916	53.409	-59.1324	918.162
00162	-4.19586	-23.4081	-3.2986	354.034	202.75	54.2643	-59.393	918.095
00163	-3.46807	-23.1581	-2.87627	354.089	203.492	54.317	-58.1724	917.505
00164	-3.79238	-23.0544	-3.04388	354.202	203.529	54.4999	-58.1162	917.559
00165	-3.79528	-22.9444	-3.9549	354.784	203.655	55.4221	-57.9102	917.467
00166	-3.74498	-22.8735	-3.91966	354.909	203.584	55.6303	-58.0304	917.599
00167	-3.91382	-22.6868	-4.05156	354.925	203.22	55.6871	-58.6446	918.116
00168	-4.08239	-22.8345	-4.68288	355.418	203.62	56.4453	-57.9797	917.682
00169	-4.27629	-22.7655	-5.21204	355.796	203.533	57.06	-58.1294	917.869
00170	-3.62265	-22.7891	-5.19513	356.128	203.552	57.5884	-58.0992	917.866
00171	-3.48003	-22.8825	-5.79077	356.488	203.243	58.1829	-58.6115	918.172
00172	-3.20843	-22.4345	-6.32114	357.385	203.314	59.6429	-58.5283	918.643
00173	-3.17956	-22.6888	-8.13743	358.436	202.848	61.346	-59.2954	919.023
00174	-3.78779	-22.6725	-9.2596	359.197	203.127	62.561	-58.8518	919.043
00175	-2.78041	-22.5395	-9.61501	359.612	203.094	63.2358	-58.9151	919.213
00176	-3.33612	-22.4046	-10.0945	360.53	203.449	64.6766	-58.3271	918.878
00177	-3.1988	-21.9789	-10.9136	361.057	203.977	65.5143	-57.4826	918.828
00178	-2.16326	-21.883	-11.9991	361.802	203.707	66.7593	-57.9617	919.594
00179	-1.85214	-21.7422	-12.5909	362.535	203.878	67.9488	-57.703	919.846
00180	-1.95613	-21.6705	-13.8479	363.437	203.912	69.4222	-57.6766	920.28
00181	-2.13778	-21.4687	-15.0114	364.594	204.047	71.2971	-57.4824	920.622
00182	-2.07974	-21.7107	-16.0749	365.286	203.602	72.4492	-58.2305	921.207
00183	-1.49801	-21.337	-17.2656	366.501	204.142	74.4211	-57.3883	921.553
00184	-1.53915	-21.4144	-17.7912	366.84	204.139	74.9799	-57.4056	921.745
00185	-1.3375	-21.3163	-17.8937	367.375	204.966	75.7975	-56.0529	921.272
00186	-2.2172	-21.0853	-18.5768	367.883	204.883	76.663	-56.2237	921.909
00187	-1.56409	-21.4536	-20.0293	368.767	204.921	78.1074	-56.1831	922.247
00188	-1.12123	-21.5045	-20.6405	369.14	204.556	78.7646	-56.8113	922.953
00189	-0.0242271	-21.5689	-20.5662	369.659	204.863	79.6201	-56.3357	923.221
00190	-0.483021	-21.3757	-21.9988	370.546	204.866	81.1091	-56.3782	923.99
00191	-0.204489	-21.3816	-22.5887	370.893	204.463	81.7534	-57.0856	924.979
00192	0.0143824	-21.5372	-23.1926	371.484	204.881	82.7312	-56.4342	925.301
00193	0.0397732	-21.7277	-24.0891	372.539	204.914	84.4329	-56.3857	925.37
00194	0.241846	-21.5371	-25.1508	373.9	205.326	86.6991	-55.7732	926.208
00195	1.57448	-21.2727	-25.4027	373.854	205.601	86.6891	-55.372	926.897
00196	2.0879	-21.5163	-25.772	374.435	205.859	87.6409	-54.9683	927.077
00197	2.30588	-21.8131	-26.5017	375.103	205.476	88.7941	-55.6337	927.887
00198	3.14864	-22.1691	-27.4184	375.757	205.49	89.9452	-55.6695	928.883
00199	2.20061	-21.9549	-28.1474	376.865	205.978	91.7611	-54.9007	929.182
00200	1.79719	-22.3654	-29.8911	378.008	205.219	93.7716	-56.2245	930.817
00201	1.86497	-22.1644	-30.2809	378.541	206.115	94.652	-54.7858	931
00202	1.69977	-21.8933	-30.8406	379.23	206.069	95.8552	-54.9126	931.877
00203	2.52863	-22.3283	-31.3541	379.639	206.328	96.5687	-54.5227	932.38
00204	3.17888	-21.6827	-31.1253	379.505	207.063	96.386	-53.3509	932.701
00205	3.55447	-22.0102	-31.5929	380.241	207.051	97.5822	-53.372	932.736
00206	3.06064	-21.6108	-31.3521	380.238	207.112	97.5973	-53.2846	932.927
00207	2.98533	-21.8443	-31.7913	380.636	207.824	98.1602	-52.0882	932.158
00208	2.67247	-21.2897	-31.8666	380.561	207.536	98.0888	-52.5808	932.629
00209	2.49569	-21.4263	-32.1646	381.036	207.1	98.8405	-53.2778	932.469
00210	2.57825	-21.1333	-31.8086	380.865	207.501	98.5059	-52.5973	931.915
00211	2.71207	-21.0543	-31.7257	380.896	207.561	98.5249	-52.4829	931.62
00212	2.13526	-20.4367	-31.8169	380.91	207.893	98.5446	-51.9441	931.594
00213	4.0092	-20.4363	-31.5606	380.761	208.272	98.2326	-51.2953	930.923
00214	3.78727	-19.8515	-31.8903	380.8	208.8	98.2593	-50.4221	930.581
00215	2.8475	-19.4466	-31.6651	381.467	208.852	99.2713	-50.3047	929.963
00216	3.35032	-18.88	-31.923	381.776	209.483	99.7126	-49.2583	929.431
00217	3.41648	-17.5451	-31.4728	381.29	210.879	98.8517	-46.9675	928.705
00218	3.14308	-17.3317	-32.3782	381.87	210.653	99.8001	-47.3376	928.823
00219	3.66189	-16.7074	-32.191	381.849	210.951	99.7779	-46.8637	928.935
00220	4.17009	-16.3296	-32.2685	382.001	211.062	99.9858	-46.6666	928.593
00221	3.65153	-15.3106	-31.6965	382.246	212.18	100.322	-44.8376	928.05
00222	3.44119	-14.6419	-31.868	382.659	212.504	100.947	-44.298	927.672
00223	3.49774	-13.8201	-31.7689	382.655	213.272	100.924	-43.0527	927.523
00224	4.04604	-13.9786	-31.9202	382.735	212.921	101.016	-43.6023	927.176
00225	3.09317	-13.265	-31.8236	383.26	213.43	101.787	-42.7524	926.503
00226	2.49793	-12.9631	-32.0418	383.58	213.73	102.239	-42.2424	925.927
00227	3.67623	-12.0683	-32.0163	383.59	214.802	102.108	-40.4607	924.596
00228	4.1272	-11.516	-31.9221	383.245	214.943	101.504	-40.2144	924.144
00229	3.65124	-10.8047	-31.5088	383.404	215.413	101.668	-39.4253	923.317
00230	2.87417	-10.5629	-31.5047	383.628	215.633	101.947	-39.0421	922.591
00231	1.77513	-10.2549	-31.3975	384.174	216.232	102.735	-38.0496	921.807
00232	2.28205	-10.2251	-31.2744	383.979	215.883	102.4	-38.6001	921.604
00233	3.76395	-10.2375	-30.6979	383.279	216.15	101.217	-38.1494	921.036
00234	2.9636	-9.74887	-30.0461	382.95	216.035	100.618	-38.3045	920.371
00235	3.12571	-9.59456	-29.9276	382.612	215.683	100.043	-38.8541	920.053
00236	1.68449	-9.20786	-29.3888	382.881	216.223	100.36	-37.9491	919.02
00237	1.29975	-8.76799	-29.0221	382.655	216.234	99.8773	-37.8845	917.898
00238	2.71367	-8.62931	-28.5294	381.586	216.239	98.1132	-37.8534	917.338
00239	2.45682	-8.40712	-28.0511	381.293	216.424	97.589	-37.5376	916.803
00240	2.98752	-8.37784	-27.1201	380.928	216.548	96.8958	-37.2957	915.739
00241	1.79879	-7.91276	-26.9151	380.697	216.481	96.5106	-37.3966	915.574
00242	1.53696	-8.11077	-26.3705	380.862	216.291	96.7219	-37.6784	915.084
00243	2.41918	-7.74358	-26.2063	380.277	216.904	95.7698	-36.6959	914.865
00244	2.62076	-7.91003	-25.887	380.069	217.141	95.3959	-36.3024	914.461
00245	2.71343	-7.78922	-26.2046	379.786	216.894	94.979	-36.7072	914.763
00246	2.84498	-7.98236	-25.9633	379.627	216.296	94.7406	-37.6632	914.905
00247	3.07579	-8.18181	-25.9923	379.649	216.539	94.7396	-37.2626	914.553
00248	2.81028	-7.71304	-24.3859	378.816	216.359	93.3354	-37.516	913.758
00249	2.52963	-7.82125	-23.2499	378.1	216.469	92.1422	-37.3175	913.197
00250	1.3205	-7.48467	-21.9303	377.388	216.452	90.945	-37.3167	912.517
00251	2.32595	-7.48774	-20.4278	376.043	216.526	88.765	-37.1796	912.017
00252	1.59447	-7.15205	-19.422	375.55	216.262	87.9453	-37.5816	911.613
00253	1.45702	-7.01446	-18.3234	374.635	216.277	86.4372	-37.5318	910.994
00254	1.29587	-6.91613	-17.2129	373.983	216.213	85.3656	-37.6156	910.558
00255	0.496058	-6.49957	-16.0822	373.289	216.714	84.2171	-36.801	910.006
00256	1.37277	-6.57229	-15.3605	372.524	216.521	82.9507	-37.0808	909.384
00257	0.939127	-6.33521	-14.0717	371.679	216.831	81.5715	-36.5703	908.881
00258	1.01583	-6.36741	-13.4721	371.14	216.463	80.6856	-37.136	908.492
00259	0.562076	-6.06057	-11.9122	369.905	215.919	78.6965	-37.9731	908.017
00260	0.60989	-6.0396	-11.3449	369.367	215.878	77.8035	-38.0175	907.501
00261	0.23801	-6.05604	-10.2574	368.853	216.774	76.9061	-36.5635	906.461
00262	-0.475523	-5.90679	-10.0952	368.624	216.719	76.5064	-36.6309	906
00263	0.0904121	-5.70306	-8.93507	367.584	216.604	74.8647	-36.8084	905.937
00264	-0.493158	-5.64543	-8.14571	367.235	216.513	74.3026	-36.9455	905.787
00265	-0.514852	-5.59832	-7.77348	366.741	216.441	73.4944	-37.044	905.4
00266	-0.70104	-5.64839	-6.95576	366.431	216.153	72.9822	-37.4835	905.1
00267	-0.548749	-5.73439	-6.54722	365.864	216.592	72.0371	-36.7658	904.424
00268	-0.792885	-5.47419	-5.60306	365.296	217.05	71.1324	-36.0408	904.258
00269	-0.1509	-5.48217	-5.42341	364.817	216.856	70.3616	-36.3349	904.019
00270	-0.984101	-5.25801	-4.29634	364.202	217.27	69.3503	-35.662	903.431
00271	-1.07277	-5.27286	-3.93043	363.781	216.781	68.6702	-36.4195	903.164
00272	-1.03507	-5.1799	-3.37544	363.273	216.626	67.8686	-36.6598	903.105
00273	-1.29195	-5.02439	-2.5034	362.789	216.334	67.1041	-37.1153	903.036
00274	-1.21583	-4.72415	-1.76517	362.088	217.119	65.9756	-35.8681	902.634
00275	-1.64372	-4.99652	-1.58347	361.698	216.812	65.3472	-36.3396	902.388
00276	-2.18388	-4.95266	-0.130978	360.929	217.458	64.0967	-35.3024	901.752
00277	-1.9645	-4.92948	0.808556	359.962	217.044	62.5862	-35.9528	901.821
00278	-1.89732	-4.60627	1.48015	359.063	217.483	61.171	-35.2604	901.702
00279	-2.47823	-4.74734	2.7379	358.385	217.318	60.1003	-35.5139	901.574
00280	-2.16385	-4.81104	3.52686	357.384	217.809	58.5092	-34.7305	901.2
00281	-2.77892	-4.46944	4.52712	356.199	218.068	56.6403	-34.3165	900.978
00282	-2.50891	-4.66483	5.14693	355.374	217.805	55.3519	-34.7305	901.023
00283	-2.70219	-4.53737	5.75092	354.925	217.799	54.651	-34.7403	901.053
00284	-2.80712	-4.53731	6.15209	354.465	217.756	53.9213	-34.8016	900.883
00285	-2.59976	-4.49895	6.35509	353.818	217.935	52.9114	-34.5229	900.914
00286	-2.73661	-4.62494	7.09027	353.35	217.513	52.1732	-35.1793	900.811
00287	-3.24173	-4.41891	7.63183	352.937	217.969	51.5288	-34.4666	900.854
00288	-3.22665	-4.43989	7.84762	352.571	217.969	50.9463	-34.4599	900.681
00289	-3.19964	-4.54636	7.95007	352.369	217.974	50.6316	-34.4537	900.7
00290	-3.51659	-4.79218	7.99959	352.175	217.906	50.3074	-34.5458	900.32
00291	-3.30438	-4.59835	8.82407	351.504	217.929	49.258	-34.5089	900.305
00292	-3.27439	-4.74854	9.97759	350.461	217.8	47.6247	-34.7089	900.26
00293	-3.51068	-4.75134	10.7422	349.78	218.052	46.5507	-34.3074	900.075
00294	-3.92506	-4.85118	11.8321	349.147	217.766	45.5833	-34.7723	900.513
00295	-3.18215	-4.71074	12.5742	348.151	218.297	44.0207	-33.9379	900.414
00296	-2.65908	-4.63959	13.6833	347.219	217.876	42.5879	-34.6162	900.96
00297	-3.15533	-4.88989	14.8548	346.33	217.522	41.2055	-35.1771	901.137
00298	-3.63363	-4.81855	15.6097	345.705	217.908	40.2366	-34.5806	901.329
00299	-3.15513	-4.94409	17.2827	344.362	217.785	38.1483	-34.7875	901.681
00300	-2.98955	-4.99545	17.9948	343.458	217.583	36.7434	-35.1123	901.918
00301	-3.88138	-5.29232	19.0527	342.645	217.562	35.4821	-35.158	902.252
00302	-3.37608	-5.1503	19.9106	341.831	217.752	34.2167	-34.8698	902.484
00303	-3.22284	-4.85343	20.5779	340.529	218.595	32.1811	-33.5544	902.667
00304	-3.46113	-5.07359	21.9002	339.819	217.808	31.0892	-34.8122	903.276
00305	-3.80684	-5.0498	22.6306	339.33	218.339	30.3259	-33.9828	903.383
00306	-3.76022	-4.83809	23.4023	338.605	217.973	29.2046	-34.5752	903.848
00307	-3.89958	-5.19296	24.3411	338.046	218.171	28.327	-34.2658	903.864
00308	-3.7007	-5.13023	25.0416	337.389	218.309	27.3046	-34.0585	904.142
00309	-3.36452	-5.15563	25.4935	336.905	218.171	26.549	-34.2828	904.31
00310	-3.0969	-4.96349	26.2137	336.636	218.243	26.1356	-34.1806	904.622
00311	-3.29222	-5.27113	27.1131	336.074	218.115	25.2628	-34.3965	904.991
00312	-4.5147	-5.56132	27.6387	335.527	218.084	24.412	-34.4576	905.333
00313	-4.19702	-5.49476	28.589	334.754	218.262	23.2116	-34.1992	905.919
00314	-3.07331	-5.30385	30.4025	333.265	218.171	20.9029	-34.3968	907.352
00315	-3.69617	-5.87937	31.3163	332.35	217.541	19.475	-35.4174	908.049
00316	-3.42947	-5.91533	31.6928	331.706	218.408	18.4596	-34.0511	908.057
00317	-3.34707	-5.81952	32.5608	330.795	218.228	17.0422	-34.3725	909.087
00318	-3.46466	-6.04059	33.6552	330.086	218.355	15.9291	-34.185	909.412
00319	-4.20083	-6.08123	34.0884	329.302	217.824	14.7051	-35.058	910.315
00320	-3.44677	-6.01589	34.7979	328.431	218.274	13.3343	-34.3613	910.714
00321	-4.52633	-6.73339	35.7483	327.868	218.114	12.4507	-34.6356	911.252
00322	-5.44517	-7.12048	36.6976	327.139	217.943	11.3084	-34.9382	912.093
00323	-5.60787	-7.33579	37.1504	326.453	217.801	10.2258	-35.1798	912.513
00324	-5.83048	-7.93664	38.2399	325.403	217.424	8.56725	-35.7999	913.092
00325	-4.72952	-7.56767	39.1965	324.218	217.193	6.70032	-36.23	914.697
00326	-4.15594	-7.53956	40.2272	323.24	217.749	5.14891	-35.3613	915.107
00327	-3.67093	-7.2918	41.007	322.439	217.859	3.88062	-35.2272	916.136
00328	-4.65646	-7.92476	41.826	322.108	218.212	3.3555	-34.6757	916.416
00329	-5.36344	-7.53374	41.8805	322.245	218.525	3.57623	-34.2067	917.181
00330	-5.67263	-7.2317	42.1722	321.728	219.071	2.75252	-33.3467	917.447
00331	-5.36944	-7.14381	42.623	321.339	219.386	2.13376	-32.8542	917.723
00332	-5.65142	-6.78197	43.4098	320.72	219.719	1.14768	-32.3354	918.05
00333	-5.81546	-6.56953	43.2687	320.609	219.701	0.971638	-32.3658	918.099
00334	-6.22794	-6.79223	43.936	319.749	220.296	-0.399498	-31.417	918.107
00335	-5.68795	-6.08898	43.8645	319.381	220.575	-0.987347	-30.9738	918.161
00336	-5.97326	-5.72363	43.8344	319.036	220.716	-1.53671	-30.739	917.88
00337	-6.25785	-5.89177	43.8086	318.869	220.717	-1.80296	-30.7354	917.786
00338	-5.83945	-5.30199	44.2803	318.303	221.218	-2.70351	-29.9295	917.575
00339	-6.01976	-4.86429	44.6887	318.064	221.225	-3.08631	-29.932	917.984
00340	-6.16488	-5.1931	45.2743	317.24	221.704	-4.3966	-29.147	917.338
00341	-5.86904	-3.78905	44.9468	317.413	221.73	-4.12418	-29.1213	917.83
00342	-5.46823	-2.98535	45.0163	317.27	222.833	-4.3498	-27.355	917.54
00343	-7.57932	-3.16303	45.0856	317.447	223.694	-4.06649	-25.9724	917.149
00344	-7.51881	-2.30216	45.6174	317.426	224.243	-4.10059	-25.1033	917.355
00345	-6.71534	-0.969119	45.6718	316.628	225.304	-5.3714	-23.413	917.342
00346	-5.84717	-0.062419	45.303	316.128	226.145	-6.16682	-22.0674	917.095
00347	-6.0483	1.34364	45.6437	316.141	226.957	-6.14315	-20.7643	916.684
00348	-6.10793	1.76024	45.5974	315.515	227.414	-7.13579	-20.0271	916.239
00349	-5.34953	2.83593	45.7541	315.402	227.204	-7.31552	-20.3592	916.19
00350	-5.35664	3.23651	45.6606	315.329	227.512	-7.42952	-19.8623	915.842
00351	-6.4539	3.41494	45.5954	315.491	228.394	-7.1682	-18.4502	915.346
00352	-5.75306	3.71324	45.5485	314.701	228.16	-8.41897	-18.8134	914.925
00353	-5.00303	5.13031	45.2135	315.082	229.043	-7.81038	-17.401	914.427
00354	-5.86452	4.64087	44.5435	315.074	229.796	-7.813	-16.1851	913.341
00355	-5.46086	5.28117	44.5598	315.293	229.462	-7.461	-16.7045	912.732
00356	-5.31043	5.70284	43.642	315.603	230.02	-6.96134	-15.8	911.63
00357	-5.73535	5.91992	42.8201	316.001	229.993	-6.32421	-15.8268	910.653
00358	-2.9104	8.03774	41.3626	316.343	230.793	-5.7752	-14.5392	909.321
00359	-3.66409	7.8274	41.1494	316.993	230.835	-4.74537	-14.4615	908.603
00360	-4.16671	7.68886	40.3371	317.949	230.951	-3.23238	-14.2617	907.548
00361	-2.48458	8.27517	39.3777	317.636	230.782	-3.7236	-14.5216	907.098
00362	-3.58809	8.14381	39.3382	318.644	230.185	-2.13334	-15.4472	906.231
00363	-4.5487	7.84652	38.6854	319.766	229.979	-0.367794	-15.7585	905.502
00364	-5.74769	7.39926	38.0341	320.241	230.461	0.378181	-14.9843	904.544
00365	-5.84503	7.35858	37.2255	321.067	230.208	1.6754	-15.3695	903.784
00366	-5.36995	7.88071	35.6524	321.959	230.656	3.07245	-14.6566	903.222
00367	-4.882	8.16761	35.182	322.425	230.522	3.80122	-14.8585	902.715
00368	-4.42017	8.25443	34.4401	322.955	230.508	4.6293	-14.8698	902.053
00369	-4.44908	8.15099	33.6893	323.386	230.14	5.30003	-15.432	901.254
00370	-3.44433	8.66119	32.4939	324.043	230.167	6.32293	-15.3765	900.477
00371	-3.14282	8.8841	31.6604	324.612	230.58	7.20664	-14.7177	899.691
00372	-3.71997	9.02903	30.1264	325.938	230.168	9.26781	-15.3459	898.721
00373	-3.91205	9.15116	29.4547	326.905	230.506	10.766	-14.8028	897.771
00374	-4.1539	9.27272	27.8898	328.17	230.565	12.7236	-14.694	896.779
00375	-3.70626	9.46123	26.9154	328.937	230.531	13.9023	-14.7307	895.765
00376	-4.1008	9.18418	26.0763	329.92	230.19	15.4142	-15.2431	894.753
00377	-4.10781	9.79167	24.9813	331.241	230.946	17.4538	-14.0579	894.075
00378	-4.43981	9.77183	24.2679	332.166	231.056	18.8707	-13.8734	893.143
00379	-4.16123	9.70322	24.1802	332.795	230.927	19.8296	-14.0609	892.418
00380	-3.54128	10.1307	23.0283	333.52	230.794	20.9401	-14.2579	891.822
00381	-3.65322	10.3606	22.3444	334.377	230.746	22.2572	-14.327	891.437
00382	-2.94933	10.8175	21.4058	335.353	231.044	23.7567	-13.8584	890.989
00383	-3.58524	10.4908	20.5733	336.415	231.129	25.3793	-13.7159	890.278
00384	-2.81959	10.4773	19.5944	337.16	231.2	26.5098	-13.595	889.566
00385	-3.27452	10.0332	18.613	338.141	230.768	27.9912	-14.2444	888.45
00386	-4.04484	9.82235	18.0938	339.352	230.707	29.8377	-14.3277	887.822
00387	-3.89969	9.9533	16.9805	340.384	230.814	31.4096	-14.1546	887.261
00388	-3.66353	9.99642	15.7494	341.355	230.893	32.8863	-14.0243	886.743
00389	-3.38876	10.4299	14.3669	342.447	230.703	34.5597	-14.3138	886.528
00390	-2.93312	10.5501	13.6907	343.461	231.04	36.1028	-13.7885	886.081
00391	-3.03781	10.5942	12.4758	344.455	230.859	37.6225	-14.0636	885.864
00392	-2.68258	10.7609	11.5791	345.423	230.932	39.0944	-13.9447	885.457
00393	-2.2414	11.0262	10.4936	346.47	230.598	40.6993	-14.4565	885.35
00394	-2.35962	10.9116	9.80648	347.458	230.519	42.2079	-14.5734	885.12
00395	-2.63854	10.9175	8.65515	348.892	230.817	44.4092	-14.1152	885.067
00396	-2.64582	10.9318	7.67611	350.027	231.021	46.1306	-13.7952	884.628
00397	-2.9005	10.7633	6.23116	351.508	230.679	48.3907	-14.3158	884.359
00398	-2.84151	10.665	5.04333	352.926	231.072	50.5522	-13.7076	884.062
00399	-2.55568	10.7318	4.22726	354.031	231.61	52.2415	-12.8799	883.938
00400	-2.50222	10.8508	2.42981	355.48	230.704	54.4605	-14.2689	883.866
00401	-2.56306	10.8536	1.49821	356.784	230.34	56.4517	-14.8256	883.684
00402	-2.16234	10.9803	0.653192	357.793	230.631	58.011	-14.3806	883.864
00403	-2.24122	10.9119	-0.332419	358.91	230.772	59.7116	-14.1622	883.657
00404	-2.32367	11.0794	-1.47724	360.07	230.545	61.4916	-14.5098	883.646
00405	-1.98771	10.6455	-1.98974	360.749	230.46	62.5167	-14.6358	883.409
00406	-1.83542	10.7869	-2.85617	361.612	230.332	63.8585	-14.8366	883.654
00407	-1.88767	10.8039	-2.90558	362.217	230.503	64.7898	-14.5754	883.688
00408	-1.44035	10.628	-3.81361	362.88	230.06	65.8243	-15.2591	883.915
00409	-1.77769	10.3889	-4.33151	363.548	230.46	66.8552	-14.6465	883.99
00410	-1.50197	10.3828	-4.67681	363.818	230.541	67.2766	-14.5229	884.093
00411	-1.38852	10.2699	-5.6935	364.548	230.307	68.4092	-14.8844	884.249
00412	-1.79836	10.1808	-6.37625	365.456	231.048	69.8036	-13.7461	884.232
00413	-1.69519	10.0777	-7.74532	365.992	230.042	70.6613	-15.3	884.674
00414	-1.84806	9.98984	-7.602	366.391	230.154	71.2979	-15.1323	884.963
00415	-1.65197	9.90741	-8.87203	367.181	230.475	72.5288	-14.6419	885.162
00416	-1.3142	9.95723	-10.193	367.708	230.117	73.368	-15.1981	885.515
00417	-1.59616	10.013	-11.1947	368.948	230.448	75.3143	-14.6967	885.993
00418	-1.86588	9.81339	-12.4513	370.099	230.095	77.1371	-15.2507	886.574
00419	-2.27745	9.71857	-13.9965	371.263	229.906	78.989	-15.5541	887.254
00420	-2.08468	9.80668	-15.1007	372.167	229.966	80.4379	-15.472	887.861
00421	-2.45719	9.97577	-16.2855	373.405	229.83	82.4114	-15.6936	888.569
00422	-2.34674	9.74032	-17.9688	374.541	230.184	84.2056	-15.1555	889.005
00423	-1.96885	9.80302	-19.4561	375.547	229.841	85.8006	-15.6916	889.426
00424	-1.98052	9.74677	-19.8314	376.214	230.343	86.8686	-14.9226	889.821
00425	-1.71625	10.0815	-21.0945	376.887	230.224	87.9785	-15.1185	890.526
00426	-1.76057	9.62429	-22.1448	377.925	230.344	89.5896	-14.9339	890.588
00427	-2.01724	9.88945	-22.3639	378.439	230.344	90.4427	-14.9438	891.156
00428	-1.91715	9.86634	-23.2654	379.561	230.319	92.2229	-14.9897	891.582
00429	-1.13978	9.75285	-24.6457	380.391	230.664	93.5682	-14.4652	892.149
00430	-1.54699	10.0277	-25.959	381.454	230.458	95.3039	-14.7976	892.981
00431	-1.63896	9.89665	-26.8554	382.268	230.583	96.6525	-14.6178	893.788
00432	-1.42159	10.1675	-27.7553	383.134	230.731	98.0473	-14.3941	894.248
00433	-2.45647	10.3313	-28.7456	384.331	230.639	100.019	-14.5544	895.256
00434	-1.15271	9.88753	-29.8073	384.584	230.587	100.491	-14.6456	895.951
00435	-2.11248	10.1711	-30.4119	385.431	230.33	101.884	-15.0579	896.618
00436	-1.55831	9.77105	-31.0931	386.165	230.083	103.038	-15.4428	896.705
00437	-2.10184	9.92878	-30.501	386.292	230.411	103.26	-14.9372	896.927
00438	-1.08746	9.73684	-30.8389	386.501	230.696	103.581	-14.4923	896.886
00439	-1.53285	10.244	-29.9884	386.223	230.421	103.183	-14.9251	897.191
00440	-1.22862	9.9822	-30.0876	386.5	231.116	103.582	-13.8378	896.908
00441	-0.955705	10.0397	-30.0056	386.274	230.894	103.233	-14.1836	896.932
00442	-0.88175	10.2554	-30.4248	386.339	230.944	103.338	-14.1067	896.97
00443	-0.433917	10.4285	-30.3752	386.412	231.289	103.453	-13.5701	896.972
00444	-0.340425	10.5474	-30.121	386.537	231.661	103.623	-12.9864	896.758
00445	-0.849635	11.0606	-29.477	386.498	232.158	103.559	-12.2119	896.739
00446	0.423135	11.1367	-29.8073	386.134	232.779	102.973	-11.2441	896.564
00447	0.124174	11.602	-29.8969	386.5	232.561	103.532	-11.5816	896.471
00448	0.380924	12.0167	-29.9042	386.274	233.164	103.178	-10.6426	896.45
00449	0.488937	13.0452	-29.7415	386.183	234.561	103.015	-8.46592	896.264
00450	0.0409917	13.4761	-29.6541	386.412	234.886	103.338	-7.95784	895.972
00451	0.343875	14.3405	-29.015	386.139	235.749	102.904	-6.61364	895.894
00452	0.477051	14.8093	-29.414	386.287	236.037	103.102	-6.16336	895.611
00453	0.431399	15.3743	-29.4206	386.338	236.708	103.158	-5.11908	895.419
00454	0.12701	16.2584	-28.9482	386.43	236.264	103.272	-5.80823	895.157
00455	0.652209	16.7044	-29.3586	386.398	236.884	103.173	-4.84178	894.737
00456	1.35946	17.2668	-28.4342	385.851	237.82	102.267	-3.38541	894.241
00457	2.76083	17.0483	-29.2103	385.765	238.244	102.059	-2.72525	893.599
00458	2.04805	18.0916	-28.5934	385.87	239.178	102.215	-1.27595	893.536
00459	2.85751	20.8622	-26.2677	385.42	241.618	100.93	2.49649	888.367
00460	2.06767	20.8909	-25.298	385.599	241.447	101.19	2.23154	888.221
00461	2.39253	21.0315	-25.0624	385.064	242.548	100.354	3.92968	888.133
00462	2.63043	20.6048	-24.8766	384.953	242.288	100.126	3.52666	887.628
00463	2.28422	20.8964	-24.0789	384.796	241.44	99.8457	2.21926	887.287
00464	2.127	20.9459	-23.3425	384.535	242.338	99.4053	3.60149	886.941
00465	1.67416	21.2465	-22.8438	384.244	242.299	98.9162	3.5397	886.583
00466	1.93289	21.411	-22.3902	383.647	241.566	97.9627	2.41087	886.276
00467	2.77622	21.5626	-22.2937	383.003	242.149	96.9571	3.30747	886.144
00468	3.10447	21.7685	-21.3008	382.423	243.347	96.0501	5.14935	886.007
00469	2.80515	21.6134	-20.8573	381.957	242.488	95.3003	3.82725	885.706
00470	3.43676	21.7904	-20.0653	381.272	242.428	94.2025	3.7336	885.283
00471	3.51421	21.5631	-18.7019	380.483	242.82	92.9291	4.33345	884.705
00472	3.7396	21.7813	-17.247	379.507	243.108	91.3786	4.77192	884.225
00473	3.20141	21.6021	-16.8183	379.077	242.365	90.6595	3.62998	883.641
00474	3.14614	21.8233	-14.8946	378.068	242.815	89.0555	4.31658	883.093
00475	3.76546	21.5165	-13.9625	376.989	242.279	87.3313	3.49249	882.395
00476	3.19403	21.6185	-12.1764	376.149	242.017	86.0061	3.08889	882
00477	3.46949	21.3896	-11.7332	375.361	241.855	84.7302	2.83834	881.287
00478	3.35963	21.2939	-9.93937	374.239	241.375	82.9746	2.10274	880.876
00479	3.79424	21.1512	-8.77293	372.774	241.744	80.7008	2.66662	880.523
00480	3.93491	20.9854	-7.32983	371.947	241.036	79.3945	1.5837	880.057
00481	3.83772	20.5838	-6.27197	370.821	240.783	77.6465	1.19613	879.752
00482	3.89447	20.8284	-4.87334	369.566	240.91	75.7297	1.39065	879.764
00483	3.59721	20.7769	-3.88447	368.747	240.178	74.4781	0.272266	879.764
00484	3.41906	20.8687	-3.39434	367.863	240.06	73.1253	0.0914001	879.727
00485	3.26994	20.8645	-2.37868	366.871	239.796	71.6246	-0.311707	879.914
00486	3.65624	21.0437	-1.09478	365.699	239.75	69.8432	-0.382702	880.044
00487	3.30514	21.1485	0.384214	364.684	240.555	68.3092	0.848083	880.265
00488	3.34491	21.4808	1.52158	363.349	240.411	66.2971	0.629059	880.64
00489	3.37942	21.6215	3.01113	361.879	240.349	64.0702	0.533405	880.925
00490	3.4234	21.4107	4.8611	360.459	240.152	61.8838	0.231842	880.737
00491	3.2542	21.543	6.52553	359.034	240.085	59.7127	0.13007	880.852
00492	2.99977	21.6669	8.42207	357.344	239.99	57.1356	-0.0153198	880.995
00493	3.34278	21.7569	9.47748	355.722	239.922	54.6693	-0.119583	881.227
00494	3.55196	21.7757	10.8902	354.079	240.784	52.1729	1.20071	881.544
00495	2.93687	22.0577	12.7053	352.802	240.811	50.2424	1.24263	881.975
00496	3.54265	22.0637	14.0417	351.159	240.089	47.7358	0.136414	882.156
00497	4.25653	22.2496	15.146	349.628	240.557	45.4016	0.854233	882.378
00498	3.43076	22.0534	16.1647	348.623	240.666	43.8752	1.02084	882.648
00499	3.46272	22.1832	17.5231	347.622	240.153	42.3564	0.234951	882.958
00500	3.41223	22.1834	17.8131	346.731	240.032	40.9905	0.0495491	882.975
00501	3.70339	22.2171	18.6367	345.724	240.483	39.4578	0.741364	883.251
00502	3.16743	22.0129	19.26	345.077	240.077	38.4709	0.117882	883.378
00503	2.85712	21.8784	19.7546	344.454	240.155	37.5256	0.237907	883.607
00504	2.96932	21.7492	20.8561	343.556	240.26	36.1547	0.398705	883.802
00505	3.53443	21.6763	21.6446	342.313	240.824	34.2649	1.26471	884.262
00506	3.56335	21.7248	22.1255	341.514	240.07	33.0467	0.107227	884.486
00507	3.6812	21.9316	23.3479	340.685	240.297	31.7944	0.456627	885.061
00508	3.82236	22.0466	23.8807	339.865	240.992	30.5537	1.52566	885.623
00509	3.42006	21.9955	25.2274	338.948	240.983	29.1605	1.51259	886.165
00510	3.07347	21.7858	26.3179	337.898	240.147	27.5564	0.226662	886.551
00511	3.41745	21.7994	27.3226	336.778	240.687	25.8421	1.05873	886.897
00512	4.32207	21.9364	28.3172	335.328	240.154	23.6209	0.237122	887.342
00513	4.10909	22.0217	28.9596	334.722	240.422	22.7002	0.651249	887.86
00514	3.39916	21.7825	29.6679	334.093	240.166	21.7344	0.256382	888.027
00515	3.37293	21.7981	30.2171	333.265	240.157	20.4618	0.242138	888.202
00516	3.63118	22.2375	29.9477	332.462	241.376	19.2418	2.12428	889.05
00517	3.46153	22.4894	31.2864	331.481	240.869	17.7352	1.34185	889.456
00518	4.0419	22.702	31.8023	330.34	241.254	15.9809	1.9374	889.905
00519	4.23219	23.0771	32.3565	329.398	241.153	14.5343	1.78349	890.555
00520	4.20377	23.1206	34.0062	328.021	240.972	12.4117	1.50465	891.07
00521	4.37691	23.0589	35.0544	326.539	240.789	10.1246	1.22095	891.589
00522	3.05281	22.6635	36.7913	325.504	240.796	8.52796	1.23272	892.137
00523	2.8732	22.6754	37.61	324.709	240.738	7.30118	1.14471	892.81
00524	2.66762	22.3453	38.9405	323.39	240.878	5.2611	1.36219	893.649
00525	2.30388	22.2195	39.9178	322.219	241.309	3.44695	2.03405	894.463
00526	3.24112	23.0819	41.0175	321.472	241.412	2.28881	2.19598	895.624
00527	4.2489	23.2133	41.7744	319.991	241.075	-0.0146065	1.67368	896.145
00528	3.2578	22.6535	42.444	319.188	241.143	-1.26415	1.77964	896.552
00529	3.01764	22.2698	43.1864	318.455	240.566	-2.40677	0.881687	896.912
00530	2.06278	22.3421	43.3454	318.64	240.536	-2.11944	0.835121	897.193
00531	0.972396	21.6391	44.1635	318.428	240.442	-2.44984	0.689411	897.319
00532	2.03358	22.1901	42.932	318.049	240.772	-3.04189	1.2029	897.65
00533	1.79843	22.1627	43.4591	318.102	241.225	-2.96007	1.9094	897.876
00534	2.31927	22.4442	43.1996	317.781	241.14	-3.46086	1.77819	898.233
00535	1.657	21.7883	43.2123	318.061	240.802	-3.02305	1.25091	897.927
00536	1.46537	21.9025	43.2075	318.146	240.67	-2.89112	1.04546	898.018
00537	1.55973	21.7269	43.2508	317.938	240.852	-3.21662	1.32915	898.117
00538	1.33238	21.793	42.9886	318.229	241.105	-2.76201	1.72264	898.06
00539	1.07992	21.5803	42.8516	318.55	241.007	-2.26088	1.5704	897.863
00540	1.00877	21.5414	42.4312	318.501	241.074	-2.3371	1.67443	897.617
00541	0.697086	21.4008	42.4982	318.627	241.018	-2.14016	1.58669	897.469
00542	1.40066	21.8022	41.9632	318.927	240.731	-1.67164	1.13982	897.398
00543	0.909553	21.7451	42.197	318.835	241.263	-1.81549	1.96824	897.372
00544	0.904177	21.7602	42.3018	319.064	241.229	-1.45876	1.915	897.216
00545	2.58741	22.3297	41.364	318.716	241.398	-2.00034	2.17833	896.974
00546	1.51374	22.1537	41.1895	319.314	241.329	-1.06833	2.06987	896.841
00547	1.3507	22.1826	40.7317	319.339	242.033	-1.03001	3.16689	896.849
00548	1.59636	22.2995	40.2821	319.484	242.637	-0.803555	4.10559	896.639
00549	1.47839	22.4975	40.0797	319.617	242.181	-0.59557	3.39547	896.505
00550	0.743468	22.5749	40.7667	319.915	242.023	-0.132744	3.14982	896.565
00551	0.941876	22.8729	40.9128	319.769	241.998	-0.360447	3.11218	896.703
00552	0.615805	22.7863	40.9233	319.567	242.666	-0.674301	4.15225	896.936
00553	-0.36095	22.7239	41.7933	319.342	242.536	-1.02539	3.95121	897.268
00554	0.283462	23.5102	41.6125	318.75	242.647	-1.94888	4.12595	897.547
00555	1.48043	23.9232	41.3501	318.01	244.011	-3.10227	6.25318	897.811
00556	1.39579	24.3951	41.659	316.904	244.688	-4.82895	7.31139	898.028
00557	0.318723	25.081	42.3499	317.03	245.527	-4.63246	8.62138	898.198
00558	1.44374	26.1538	41.8105	316.397	247.117	-5.62316	11.1072	898.652
00559	1.22787	26.7227	41.9871	316.036	247.244	-6.186	11.3032	898.51
00560	0.67066	26.9732	42.054	315.55	248.257	-6.9435	12.8834	898.49
00561	0.500402	27.9802	41.8691	315.204	248.707	-7.4848	13.588	898.568
00562	0.603558	28.638	42.376	314.829	249.671	-8.06995	15.093	898.679
00563	0.44248	29.1705	42.7986	314.157	250.558	-9.11809	16.4765	898.64
00564	0.281239	29.8719	42.8938	313.616	251.613	-9.96657	18.1294	898.951
00565	0.628818	31.0257	43.6936	312.633	252.254	-11.5019	19.1309	898.948
00566	1.59488	32.2727	43.596	312.034	253.604	-12.4388	21.2417	899.105
00567	1.61884	33.2021	44.832	311.419	254.725	-13.3926	22.9805	898.667
00568	1.09459	33.8591	45.1285	310.896	256.7	-14.2127	26.0703	898.892
00569	1.61565	35.2437	44.9309	310.364	257.232	-15.0351	26.8879	898.462
00570	2.75814	36.2736	44.8946	309.002	257.831	-17.1562	27.8162	898.271
00571	2.49041	36.8238	44.8468	308.374	258.875	-18.1285	29.4313	897.863
00572	1.93873	37.2347	45.9679	308.24	259.745	-18.3331	30.7811	897.668
00573	2.13239	37.9443	45.6825	307.868	259.527	-18.9059	30.4301	897.318
00574	2.55728	38.5927	45.8708	307.616	259.733	-19.2939	30.7419	897.07
00575	3.52591	39.1755	46.0342	307.318	259.46	-19.7432	30.2954	896.454
00576	2.88199	39.0993	45.8828	307.121	260.638	-20.0532	32.1353	896.578
00577	2.40994	38.9166	45.41	307.192	260.82	-19.9334	32.4029	896.169
00578	2.60084	39.1224	44.9879	307.257	261.454	-19.8259	33.3786	895.859
00579	2.27558	39.0427	44.8012	307.207	261.529	-19.8892	33.4708	895.199
00580	1.79649	39.4168	44.719	308.102	261.482	-18.4834	33.3724	894.516
00581	1.40777	39.457	43.9269	308.634	261.904	-17.6493	34.0148	894.17
00582	0.0819722	38.9942	41.7333	311.917	262.013	-12.5089	34.0659	891.09
00583	-0.183605	38.9512	40.3898	312.35	261.559	-11.8241	33.3224	889.987
00584	-0.546318	38.5528	39.3495	313.487	262.08	-10.0561	34.0899	889.01
00585	-0.642127	38.5316	37.1663	314.369	263.038	-8.68744	35.5411	888.334
00586	-1.42927	38.0293	36.5128	315.346	263.188	-7.17007	35.722	887.049
00587	-2.4147	38.2195	35.8891	316.54	263.348	-5.32537	35.9314	886.168
00588	-2.64584	38.0228	35.0854	317.515	263.966	-3.82023	36.85	885.376
00589	-2.04732	38.2713	33.9148	317.604	263.067	-3.67759	35.4056	883.835
00590	-1.66604	37.9154	32.3347	318.031	263.532	-3.01968	36.0846	882.962
00591	-1.96352	38.5191	33.059	318.933	263.199	-1.63465	35.5363	882.044
00592	-1.81676	38.9028	32.0664	319.69	263.283	-0.47438	35.6231	881.013
00593	-1.81476	39.0487	31.7633	320.542	263.152	0.828705	35.3846	880.055
00594	-1.95803	39.2936	31.0793	321.253	262.963	1.91208	35.0502	878.894
00595	-2.16062	38.944	30.0557	322	263.555	3.04936	35.9117	877.871
00596	-1.50063	38.9743	28.9283	322.49	263.281	3.79062	35.4476	876.74
00597	-1.4189	38.9662	27.6528	323.392	263.698	5.16062	36.0496	875.945
00598	-1.52629	38.898	26.699	324.467	264.342	6.78772	36.992	875.038
00599	-2.0117	38.6186	25.995	325.806	263.94	8.80711	36.3154	873.484
00600	-1.86154	38.3947	24.6219	326.874	264.637	10.4151	37.3317	872.509
00601	-2.76815	38.4627	24.6239	328.31	264.017	12.571	36.3296	871.033
00602	-2.58016	38.4628	23.2862	329.573	264.068	14.4641	36.3634	869.98
00603	-2.93308	38.3543	21.6533	331.326	264.364	17.0966	36.7789	869.216
00604	-3.63004	38.3791	20.1635	333.383	264.641	20.1868	37.1667	868.526
00605	-4.33018	37.9388	18.3268	335.382	263.796	23.165	35.8358	867.167
00606	-4.2314	37.756	16.7847	337.168	263.964	25.8261	36.0497	866.206
00607	-4.13623	37.7547	15.4122	338.889	263.546	28.3939	35.3954	865.581
00608	-4.55476	37.6042	14.409	340.861	263.463	31.3376	35.2462	864.989
00609	-5.50704	37.6712	13.6271	342.982	262.871	34.4912	34.3236	864.163
00610	-4.7621	37.7535	11.8495	344.485	261.908	36.7042	32.8401	863.165
00611	-5.19292	37.7305	10.2019	346.726	262.849	40.0604	34.2491	863.117
00612	-5.24241	37.8805	8.76551	348.646	262.748	42.9099	34.0753	862.535
00613	-5.02434	37.685	7.15922	350.906	263.019	46.264	34.4574	861.964
00614	-5.158	37.9306	6.0316	353.035	262.299	49.4206	33.3591	861.425
00615	-4.84914	37.6323	4.27665	355.307	262.25	52.791	33.2682	860.955
00616	-4.53293	37.7708	2.98117	357.485	261.786	56.0128	32.5539	860.419
00617	-3.86071	38.0091	1.27778	359.382	261.389	58.827	31.95	860.134
00618	-4.22703	38.0006	0.338349	361.257	261.5	61.6145	32.1081	859.932
00619	-4.22697	38.0882	-0.824956	363.335	261.802	64.7214	32.5621	859.996
00620	-4.01861	38.2715	-2.92281	365.479	261.759	67.9141	32.493	859.878
00621	-3.60038	38.2049	-4.20514	367.443	262.432	70.8729	33.5104	860.176
00622	-4.04454	38.5748	-5.50311	369.686	261.989	74.2081	32.8425	860.013
00623	-4.36076	38.8477	-6.96517	371.987	262.945	77.6992	34.2937	860.613
00624	-5.07152	38.9651	-9.41743	374.309	262.912	81.1982	34.2553	860.906
00625	-5.66372	39.5882	-10.7046	376.776	263.184	84.9685	34.6965	861.734
00626	-5.20555	39.7955	-12.472	378.659	263.873	87.8497	35.7535	862.368
00627	-6.56005	40.6432	-14.5749	380.871	263.251	91.2063	34.8377	862.781
00628	-6.0584	40.8637	-15.4402	382.325	264.049	93.4455	36.0571	863.34
00629	-6.6505	41.03	-16.9374	384.379	264.773	96.6133	37.177	864.13
00630	-6.83304	41.5906	-18.7028	385.988	264.952	99.0932	37.4699	864.7
00631	-7.81695	41.812	-19.3789	388.231	265.533	102.574	38.3854	865.649
00632	-7.36709	42.4354	-21.9474	389.689	264.933	104.835	37.5078	866.211
00633	-9.39801	43.11	-22.8484	392.268	264.857	108.844	37.4373	867.243
00634	-10.0072	43.2682	-24.6483	394.29	264.354	111.937	36.6956	867.612
00635	-10.816	43.3345	-25.9987	396.205	264.976	114.99	37.6869	868.877
00636	-10.629	43.4869	-27.414	397.417	264.893	116.909	37.5912	869.555
00637	-11.0627	43.9465	-27.8168	398.531	265.61	118.786	38.737	870.98
00638	-11.8654	44.1319	-28.4563	400.036	264.767	121.122	37.4807	871.409
00639	-10.5659	43.9788	-29.9503	400.457	265.638	121.889	38.8408	872.333
00640	-11.4523	44.3558	-30.4314	401.483	265.822	123.619	39.1745	873.584
00641	-12.1827	44.258	-31.3031	403.264	264.756	126.353	37.5679	873.8
00642	-12.4612	44.6138	-33.1856	404.046	264.585	127.733	37.3647	875.123
00643	-13.2129	44.7607	-33.1938	405.386	264.712	129.98	37.6183	876.542
00644	-13.0968	45.2034	-34.0188	405.996	264.197	131.099	36.8881	877.823
00645	-13.7031	45.2344	-35.0274	407.053	264.31	132.909	37.116	879.132
00646	-13.28	45.0517	-34.9983	407.265	264.016	133.385	36.7084	880.141
00647	-12.9286	45.071	-35.6541	407.263	263.9	133.519	36.5685	881.047
00648	-12.7262	44.9143	-36.5644	407.964	263.312	134.661	35.6873	881.495
00649	-12.5115	44.9005	-36.9641	407.898	263.084	134.626	35.3552	881.93
00650	-12.9375	45.1038	-36.7555	408.392	263.568	135.531	36.1367	882.893
00651	-12.529	45.2942	-37.1763	408.45	264.185	135.737	37.1151	883.654
00652	-12.1995	45.3572	-36.9456	408.577	264.068	135.959	36.9427	883.835
00653	-13.1775	45.4439	-36.5501	409.469	264.609	137.445	37.8058	884.586
00654	-12.8169	45.4586	-36.8205	409.435	264.66	137.41	37.8887	884.701
00655	-13.0891	45.5967	-36.8939	409.885	264.123	138.057	37.0507	884.413
00656	-12.7532	45.155	-37.1041	409.984	264.051	138.21	36.9411	884.415
00657	-13.0706	44.964	-35.6171	409.983	264.558	138.224	37.7232	884.518
00658	-11.8939	45.2378	-36.4786	409.018	264.764	136.791	38.0545	884.834
00659	-11.7622	45.2422	-36.3607	408.553	264.842	136.085	38.1766	884.889
00660	-11.6888	44.8576	-36.3792	408.578	264.49	136.025	37.6082	884.252
00661	-10.5658	44.5677	-36.3047	407.518	264.414	134.324	37.4713	883.772
00662	-10.7925	44.4772	-36.1892	407.541	263.427	134.2	35.9137	882.719
00663	-10.8179	44.1047	-35.7936	407.184	263.156	133.558	35.4722	882.098
00664	-9.24648	43.5742	-35.4451	406.095	263.51	131.834	35.9998	881.727
00665	-9.28606	43.148	-34.9135	405.48	262.749	130.752	34.7969	880.779
00666	-7.64078	42.2949	-33.3859	404.025	262.412	128.382	34.2434	879.793
00667	-7.28111	41.4583	-31.7437	403.246	262.655	127.12	34.5955	879.294
00668	-7.0059	40.498	-29.9253	402.385	262.6	125.682	34.4771	878.43
00669	-5.15357	39.8999	-29.121	400.541	262.116	122.715	33.6961	877.329
00670	-4.70061	39.0723	-27.2684	399.239	261.614	120.627	32.9028	876.574
00671	-4.21904	38.7457	-25.8545	398.029	260.959	118.662	31.8731	875.663
00672	-3.00362	37.9804	-24.4573	396.313	261.045	115.956	31.9776	874.94
00673	-3.11887	37.4252	-23.5064	395.407	259.579	114.396	29.7019	873.538
00674	-1.55688	36.8546	-21.7271	393.607	259.924	111.662	30.2244	873.514
00675	-1.21386	36.4644	-19.8598	392.014	259.488	109.178	29.5443	872.97
00676	0.514166	35.9149	-17.2077	389.674	259.352	105.546	29.3162	872.278
00677	1.43876	35.2539	-15.4243	387.943	260.009	102.868	30.2941	871.804
00678	2.46273	34.9064	-13.9976	386.097	259.451	99.9697	29.4185	870.91
00679	2.75118	34.6582	-12.156	384.364	258.703	97.2599	28.2622	870.109
00680	3.10395	34.3085	-10.9315	382.929	258.486	95.0225	27.9129	869.476
00681	3.09505	34.2115	-8.84796	381.427	258.146	92.7026	27.3848	868.995
00682	4.00045	34.1163	-7.03473	379.544	257.664	89.7925	26.638	868.33
00683	4.03142	33.7053	-5.55692	378.124	257.443	87.5979	26.2886	867.799
00684	4.41781	33.5336	-4.30951	376.604	256.581	85.2182	24.9627	866.904
00685	4.74735	33.2216	-2.78423	374.755	257.05	82.4062	25.6604	866.602
00686	5.23137	33.2397	-1.16639	372.978	257.352	79.7178	26.1098	866.447
00687	5.11701	33.336	0.440121	371.727	256.44	77.7992	24.7263	866.046
00688	5.21426	33.4815	1.57418	370.472	255.607	75.8727	23.4614	865.603
00689	5.06436	33.2855	3.37878	369.41	255.639	74.2467	23.5004	865.265
00690	4.85989	33.1367	4.46076	368.176	255.751	72.379	23.6642	865.099
00691	4.99553	32.849	5.40879	366.971	255.772	70.5555	23.691	864.932
00692	4.6927	32.5589	6.73423	366.066	255.406	69.1827	23.1373	864.761
00693	4.88964	32.9155	7.52357	364.852	254.729	67.368	22.1236	864.872
00694	5.48316	32.7807	8.50003	363.319	254.481	65.077	21.7537	865.032
00695	5.23777	32.593	9.91436	362.09	254.885	63.264	22.3728	865.488
00696	5.43564	32.3521	10.724	361.152	254.332	61.8673	21.5473	865.678
00697	5.51051	31.8961	11.5104	360.086	253.488	60.2717	20.2803	865.784
00698	5.09085	31.6017	12.0487	359.422	252.733	59.2876	19.1494	865.984
00699	4.49424	31.1792	13.051	359.039	252.424	58.7369	18.6936	866.36
00700	4.50439	30.6646	12.9474	358.668	251.413	58.1759	17.1703	866.31
00701	3.90896	29.59	13.0716	358.542	251.329	57.9851	17.0439	866.287
00702	3.95369	28.9869	13.2828	358.404	250.823	57.7913	16.2864	866.493
00703	3.23029	28.0913	12.8293	358.479	249.899	57.893	14.8928	866.338
00704	2.65964	26.9839	12.6592	358.433	248.834	57.8144	13.2896	866.203
00705	2.47836	25.6117	12.4775	358.371	247.83	57.7079	11.7765	866.005
00706	2.47047	24.5595	12.103	358.391	246.947	57.758	10.4523	866.3
00707	2.03142	23.3379	11.8888	358.637	245.563	58.1473	8.37205	866.581
00708	1.84689	22.3433	11.8503	358.724	244.606	58.3162	6.9357	867.146
00709	1.4337	21.5331	11.2256	358.877	243.748	58.5815	5.64753	867.664
00710	0.970242	20.4931	11.3458	359.192	242.697	59.0918	4.066	868.193
00711	0.576065	19.6931	10.6203	359.455	241.914	59.5358	2.88782	868.89
00712	0.565086	18.991	10.1338	359.67	240.697	59.8998	1.05174	869.457
00713	-0.156262	18.2109	10.4051	359.936	240.437	60.3566	0.661175	870.24
00714	-0.181433	17.4787	10.2516	360.081	239.915	60.6345	-0.129261	871.094
00715	-0.149568	16.6341	10.3448	360.094	238.279	60.7065	-2.60545	871.836
00716	-0.0458782	15.8929	9.96258	360.065	237.706	60.7245	-3.47647	872.739
00717	-0.0100284	14.7866	9.80422	359.951	236.898	60.5996	-4.70575	873.425
00718	-0.884585	13.953	9.75503	360.16	235.91	60.9915	-6.21225	874.494
00719	-0.455565	13.3907	9.48242	360.021	234.492	60.8572	-8.37564	875.608
00720	-1.08156	12.7953	9.57485	360.101	233.76	61.0691	-9.50208	876.89
00721	-1.37693	12.1819	9.6615	359.9	233.784	60.842	-9.47936	878.05
00722	-1.44456	11.3848	9.42742	359.916	232.865	60.9283	-10.8903	878.926
00723	-1.84669	10.7342	9.35436	359.904	231.856	60.9796	-12.4459	879.93
00724	-2.22774	9.64361	8.98199	360.183	230.901	61.4719	-13.9195	880.881
00725	-2.55752	8.76385	8.93802	360.081	229.876	61.3958	-15.5088	882.042
00726	-3.14988	7.81932	8.35135	360.249	229.094	61.739	-16.7291	883.255
00727	-2.59092	6.9294	8.05815	359.863	227.736	61.2538	-18.8443	884.794
00728	-2.60746	5.96654	7.46376	359.874	227.162	61.3456	-19.7513	885.875
00729	-3.22912	5.38271	7.74179	359.782	226.891	61.291	-20.1962	887.14
00730	-3.31135	5.01995	7.41216	359.683	226.082	61.2452	-21.4802	888.688
00731	-3.75323	4.42201	7.32821	359.489	225.307	61.0456	-22.7147	890.155
00732	-3.9646	3.88775	7.1986	359.209	225.045	60.6929	-23.1484	891.316
00733	-4.29113	3.3791	7.71566	358.727	224.501	60.0175	-24.0203	892.377
00734	-4.08831	2.92654	8.01458	358.345	224.078	59.4935	-24.7038	893.393
