00003	-2.60316	-10.9018	1.8212	378.407	197.074	91.2978	-67.0995	900.081
00004	-2.9827	-11.2188	2.36576	378.343	196.763	91.2045	-67.5906	900.142
00005	-2.90894	-11.2805	1.55915	378.696	196.304	91.7721	-68.3194	900.298
00006	-2.69134	-11.3086	1.59942	378.404	196.204	91.3165	-68.477	900.313
00007	-2.10872	-11.2541	2.34266	378.064	195.967	90.8335	-68.8835	900.786
00008	-1.96196	-11.3352	2.03209	378.156	196.444	90.9254	-68.0984	900.271
00009	-2.37007	-11.0332	1.79724	378.391	196.493	91.2995	-68.028	900.342
00010	-2.26586	-11.4116	1.58328	378.402	196.584	91.2929	-67.8675	900.103
00011	-1.57404	-11.1928	1.85593	378.136	196.648	90.8762	-67.7666	900.093
00012	-2.05437	-10.9713	1.91792	378.101	196.739	90.8449	-67.6411	900.324
00013	-2.29282	-11.3688	1.14708	378.652	196.617	91.6774	-67.8105	900.045
00014	-2.42935	-11.4101	1.34063	378.696	196.659	91.732	-67.7347	899.904
00015	-2.60017	-11.2892	1.70445	378.611	196.829	91.5914	-67.4627	899.821
00016	-2.03697	-11.1768	2.22741	378.287	196.877	91.097	-67.3974	899.941
00017	-2.53191	-10.9458	1.81776	378.466	197.472	91.3461	-66.4455	899.65
00018	-1.58825	-10.877	1.53866	378.66	196.939	91.6693	-67.2917	899.834
00019	-2.59247	-11.088	1.34387	379.057	196.786	92.2886	-67.5307	899.825
00020	-2.03012	-11.196	1.26126	378.763	196.883	91.8335	-67.3822	899.878
00021	-2.37434	-11.1126	1.22868	379.046	197.217	92.2594	-66.8478	899.71
00022	-2.33642	-11.0299	1.28023	379.013	197.23	92.2305	-66.845	899.941
00023	-2.95228	-11.2691	1.46106	379.035	196.888	92.2551	-67.3719	899.832
00024	-2.63441	-11.2948	1.55006	378.884	197.154	92.0032	-66.9454	899.689
00025	-2.8168	-11.0571	1.6331	378.917	197.042	92.0747	-67.1343	899.883
00026	-2.14959	-11.0781	1.28696	378.913	196.907	92.0804	-67.3551	900.001
00027	-2.40361	-11.2975	1.26482	378.966	197.452	92.1267	-66.4757	899.641
00028	-2.95593	-10.929	1.20551	379.171	196.984	92.5165	-67.2574	900.319
00029	-3.15561	-11.0301	2.08198	378.968	196.987	92.18	-67.2379	900.121
00030	-2.17088	-11.3347	1.4076	378.893	196.711	92.0591	-67.6676	900.098
00031	-3.24536	-11.3288	1.57148	379.114	196.43	92.4383	-68.1315	900.416
00032	-3.15796	-11.3738	1.65811	379.104	196.942	92.3996	-67.3152	900.201
00033	-3.01223	-10.9939	1.60371	379.117	196.913	92.4408	-67.374	900.396
00034	-2.89908	-10.9682	1.65085	379.167	197.331	92.5043	-66.7095	900.251
00035	-3.34808	-11.2116	1.86719	379.139	196.42	92.5306	-68.1862	900.931
00036	-3.45923	-11.2209	1.94429	379.113	196.562	92.4795	-67.957	900.842
00037	-3.67011	-11.3275	1.67117	379.227	196.625	92.652	-67.8545	900.787
00038	-3.20043	-11.4257	1.44429	379.329	197.04	92.7608	-67.167	900.28
00039	-2.91013	-11.5567	1.38829	379.247	196.868	92.6495	-67.4486	900.453
00040	-3.16439	-11.064	1.44873	379.316	196.58	92.8194	-67.9441	901.053
00041	-3.45338	-11.196	1.81358	379.108	196.564	92.4858	-67.9647	900.978
00042	-2.7577	-11.4086	1.6075	379.193	196.914	92.5785	-67.3872	900.578
00043	-2.48056	-11.2436	1.68433	379.135	196.62	92.5128	-67.8644	900.823
00044	-3.18235	-11.0743	1.58331	379.337	196.818	92.8327	-67.5582	900.863
00045	-2.66703	-11.2192	1.55511	379.238	196.873	92.6739	-67.4688	900.826
00046	-2.20225	-11.0357	1.51822	379.152	196.928	92.5462	-67.3889	900.895
00047	-2.17004	-11.1541	2.05883	378.91	196.685	92.1903	-67.7854	901.112
00048	-3.42624	-11.1572	2.03801	379.269	196.504	92.7416	-68.0602	901.016
00049	-3.44337	-11.295	2.43489	379.118	196.58	92.5153	-67.9482	901.103
00050	-2.96471	-11.3837	2.21486	379.102	196.477	92.4978	-68.1166	901.189
00051	-2.83707	-11.2962	1.90714	379.22	196.548	92.7009	-68.0178	901.366
00052	-2.5328	-11.3454	2.29157	379.095	196.446	92.4906	-68.1671	901.219
00053	-2.95346	-11.4846	1.79206	379.071	195.953	92.4762	-68.9557	901.445
00054	-3.09748	-11.602	2.22722	378.834	196.215	92.0911	-68.536	901.31
00055	-2.41466	-12.3185	2.92799	378.395	195.265	91.4228	-70.0366	901.5
00056	-2.76006	-12.8359	4.38016	377.591	194.687	90.1886	-70.9602	901.738
00057	-2.81825	-13.5428	5.83454	376.423	194.058	88.3588	-71.9448	901.729
00058	-2.33342	-14.0903	7.44324	375.173	193.609	86.4056	-72.6517	901.772
00059	-4.0642	-15.1758	8.89331	373.763	193.091	84.1819	-73.4507	901.618
00060	-2.62042	-15.9519	11.7359	371.779	192.481	81.1189	-74.4443	902.093
00061	-2.93762	-17.1059	14.9067	369.815	191.788	78.0602	-75.5483	902.312
00062	-3.55508	-17.7156	16.1686	368.547	191.943	76.1047	-75.3361	902.676
00063	-3.2268	-19.0075	18.1174	366.646	191.039	73.1903	-76.8232	903.497
00064	-3.00788	-19.5186	19.2228	365.769	191.039	71.8581	-76.8692	904.034
00065	-3.58129	-20.6274	21.4994	364.71	190.413	70.285	-77.9506	905.187
00066	-3.23102	-21.1587	23.1718	363.701	189.679	68.7945	-79.2161	906.45
00067	-4.24587	-22.4563	24.8587	362.86	189.012	67.5613	-80.373	907.672
00068	-3.96694	-22.8623	25.9226	362.243	188.678	66.6918	-81.0251	909.077
00069	-3.55106	-24.3628	27.7673	360.486	188.291	63.9664	-81.6985	909.769
00070	-4.76285	-25.4489	29.6686	359.519	187.765	62.5696	-82.7023	911.676
00071	-4.18702	-25.9225	31.9506	358.253	188.103	60.6323	-82.2584	912.679
00072	-5.66862	-26.3164	32.9969	357.792	188.071	60.028	-82.4837	914.62
00073	-6.94924	-27.6462	34.6523	356.986	187.52	58.8806	-83.5466	916.69
00074	-7.47842	-28.2731	35.2851	356.002	187.658	57.342	-83.3684	917.138
00075	-8.1427	-29.2902	37.1818	355.222	187.044	56.2209	-84.528	919.121
00076	-9.38017	-30.4123	37.5752	354.99	186.972	55.8971	-84.7119	919.869
00077	-7.71188	-30.7809	38.3698	353.878	186.953	54.1435	-84.7785	920.261
00078	-7.96111	-31.1794	38.4727	354.251	186.442	54.7996	-85.6902	921.276
00079	-7.70547	-31.0418	38.1934	354.507	186.308	55.2323	-85.9392	921.652
00080	-9.64159	-32.0431	38.1346	354.827	185.518	55.8284	-87.3343	923.034
00081	-9.22951	-32.4437	37.9221	354.607	185.318	55.5072	-87.7066	923.57
00082	-7.97189	-29.2561	36.9371	355.375	186.937	56.6942	-85.0431	922.847
00083	-6.58451	-28.0965	36.2728	355.653	187.443	57.0811	-84.1447	921.897
00084	-7.22227	-28.1946	35.4754	356.304	187.28	58.0875	-84.3544	921.324
00085	-6.88588	-28.1816	34.6022	356.775	186.985	58.7985	-84.7647	920.665
00086	-5.54696	-27.7503	34.0008	357.005	187.136	59.122	-84.4599	919.963
00087	-5.00913	-27.4785	33.6494	357.328	187.041	59.5999	-84.5585	919.391
00088	-5.83664	-27.7486	32.8039	358.026	186.269	60.7166	-85.7917	919.401
00089	-6.20281	-27.8899	32.1079	358.589	186.182	61.5762	-85.8761	918.824
00090	-5.18189	-27.422	29.6028	359.916	186.465	63.5722	-85.2618	917.069
00091	-6.31898	-27.483	28.4991	360.803	186.133	64.9929	-85.803	917.193
00092	-5.46733	-27.5685	27.5564	361.422	186.368	65.899	-85.3235	916.074
00093	-5.22222	-27.2239	26.5906	362.331	186.234	67.3401	-85.5308	916.011
00094	-4.8956	-26.8354	25.2499	362.803	186.53	68.0391	-84.9957	915.308
00095	-4.0805	-26.3174	24.2778	363.542	187.005	69.1839	-84.2044	914.919
00096	-4.44024	-26.7694	23.429	363.943	186.948	69.7966	-84.2651	914.602
00097	-4.69762	-26.6056	22.5159	364.677	186.866	70.9679	-84.4017	914.659
00098	-4.45047	-26.5519	21.4643	365.488	187.093	72.2099	-83.9876	914.088
00099	-3.95298	-25.9862	20.5711	366.25	187.113	73.443	-83.981	914.363
00100	-3.00191	-25.9408	19.8615	366.67	187.301	74.0755	-83.6445	913.942
00101	-4.09833	-25.7921	17.5746	368.727	186.944	77.3382	-84.2097	913.921
00102	-3.86592	-25.8023	16.6745	369.431	186.822	78.4457	-84.3913	913.8
00103	-3.00136	-25.4149	14.8815	370.501	186.992	80.1132	-84.0916	913.464
00104	-3.23442	-25.3619	13.6456	371.5	186.815	81.7054	-84.3777	913.536
00105	-3.12185	-24.9915	12.7595	372.43	186.997	83.1652	-84.0746	913.367
00106	-3.43187	-24.9619	11.9243	373.481	186.701	84.8673	-84.5775	913.739
00107	-4.10735	-24.8298	9.92029	374.606	186.847	86.6224	-84.3179	913.428
00108	-3.99361	-24.6696	8.45305	375.57	186.567	88.1539	-84.7642	913.456
00109	-3.33326	-23.9848	7.12162	376.497	186.961	89.6235	-84.1379	913.437
00110	-2.32492	-24.1139	6.12097	377.361	186.633	91.0188	-84.6811	913.685
00111	-2.88918	-24.2606	4.61996	378.433	187.182	92.656	-83.7524	913.059
00112	-1.78639	-23.7015	1.87958	380.416	186.757	95.8554	-84.4748	913.583
00113	-2.37417	-23.6241	0.756028	381.362	186.96	97.3289	-84.129	913.33
00114	-1.64404	-23.5767	-0.632936	382.362	186.992	98.881	-84.0496	913.017
00115	-1.77884	-23.6286	-2.26212	383.397	186.984	100.514	-84.0553	912.935
00116	-1.40085	-23.5541	-3.61696	384.426	187.065	102.143	-83.925	912.914
00117	-1.24783	-23.0454	-4.90223	385.241	187.15	103.487	-83.8328	913.375
00118	-1.2385	-23.2686	-6.37302	386.367	187.441	105.243	-83.3455	913.108
00119	-1.32826	-22.9998	-7.62512	387.171	187.178	106.573	-83.8072	913.585
00120	-0.762248	-22.9615	-8.74737	387.876	187.763	107.648	-82.8443	913.212
00121	-0.814446	-22.887	-10.0056	388.881	187.714	109.244	-82.925	913.233
00122	-0.207371	-22.8212	-11.2143	389.618	187.803	110.424	-82.7916	913.319
00123	-1.4384	-22.6336	-14.1303	391.514	187.607	113.47	-83.1311	913.633
00124	-0.853956	-22.4488	-15.9826	392.206	187.304	114.685	-83.6966	914.567
00125	-1.18145	-22.451	-16.6381	393.034	187.509	115.96	-83.3434	914.26
00126	-0.675077	-22.3513	-18.6494	393.753	187.634	117.138	-83.1702	914.535
00127	-1.55809	-22.5799	-20.6038	394.968	187.607	119.088	-83.2268	914.692
00128	-1.11666	-22.2223	-22.3175	395.861	188.149	120.538	-82.3879	914.938
00129	-0.874036	-22.8043	-24.1236	396.915	187.511	122.289	-83.4539	915.502
00130	-1.34459	-22.665	-25.2168	397.742	188.133	123.617	-82.4741	915.604
00131	-1.15687	-22.9099	-27.5886	398.122	187.821	124.323	-83.0373	916.351
00132	-1.08204	-22.6957	-28.6829	398.922	187.915	125.709	-82.9624	917.18
00133	-0.898619	-23.0478	-30.9654	399.678	187.851	127.004	-83.1238	917.829
00134	-0.91335	-22.7234	-33.7731	400.835	188.493	129.038	-82.2217	919.18
00135	-0.184991	-23.1477	-34.8489	401.276	188.539	129.779	-82.1714	919.447
00136	0.227459	-23.0052	-36.1963	401.527	188.479	130.304	-82.3462	920.321
00137	-0.557911	-22.304	-36.131	401.846	189.254	130.78	-81.086	920.086
00138	-0.0972227	-22.6068	-37.187	402.288	189.46	131.513	-80.7727	920.268
00139	-0.541941	-22.558	-36.8856	402.879	189.486	132.388	-80.6885	919.784
00140	-1.27386	-21.8526	-37.2249	402.629	189.553	131.981	-80.5782	919.734
00141	-0.656642	-22.1054	-37.1755	402.332	189.521	131.469	-80.6059	919.473
00142	-0.17756	-22.2454	-36.459	402.149	189.506	131.151	-80.6143	919.29
00143	-1.01915	-21.6466	-36.6321	402.179	189.309	131.189	-80.9213	919.22
00144	-1.74693	-22.1211	-37.1305	403.038	189.52	132.48	-80.537	918.663
00145	-0.124187	-21.8081	-36.8783	402.635	189.68	131.935	-80.3406	919.346
00146	0.179008	-21.1442	-36.7904	402.251	190.088	131.344	-79.7028	919.503
00147	0.709967	-20.5781	-36.1514	401.826	190.65	130.645	-78.7934	919.357
00148	1.89326	-19.8773	-36.1956	401.489	191.278	130.093	-77.7823	919.26
00149	1.93525	-19.13	-36.1632	401.253	190.829	129.752	-78.5204	919.517
00150	2.58935	-18.8853	-36.1314	401.444	191.895	129.983	-76.7739	918.99
00151	0.356075	-17.9839	-36.2511	402.312	192.384	131.3	-75.9544	918.508
00152	0.0371427	-17.531	-36.3548	402.653	193.246	131.783	-74.5449	918.088
00153	0.174225	-17.1203	-36.4708	402.558	192.76	131.661	-75.3368	918.297
00154	-0.519289	-16.6205	-36.0595	402.595	192.906	131.64	-75.0595	917.74
00155	-0.660114	-16.9741	-36.0174	403.213	193.039	132.549	-74.8036	917.208
00156	0.626335	-17.6751	-36.0541	402.849	192.307	131.972	-75.9719	917.231
00157	2.37463	-18.0577	-36.1965	402.256	191.677	131.073	-77.0021	917.553
00158	1.55177	-18.0757	-35.5505	402.28	191.565	131.077	-77.1608	917.314
00159	1.50989	-18.5012	-35.4662	402.404	191.526	131.22	-77.1902	916.932
00160	0.536144	-18.1762	-34.8395	402.308	191.567	131.008	-77.0901	916.518
00161	0.418635	-18.5958	-35.0306	402.343	191.457	131.036	-77.2476	916.318
00162	0.578374	-18.1927	-34.5645	401.919	191.53	130.385	-77.1465	916.49
00163	0.0734758	-18.3426	-33.8666	401.528	191.776	129.697	-76.7165	916.022
00164	-0.180709	-18.2249	-32.9757	400.849	191.75	128.594	-76.7433	915.859
00165	-0.398128	-18.7772	-32.1718	400.891	192.041	128.518	-76.1959	914.841
00166	-0.650265	-18.1788	-30.5564	399.944	192.005	127.006	-76.2488	914.794
00167	-1.13305	-18.0548	-28.5001	398.668	191.551	124.928	-76.9382	914.416
00168	-1.83228	-18.3669	-28.0827	398.277	191.484	124.257	-77.015	914.056
00169	-2.46039	-18.258	-27.0937	397.654	190.814	123.292	-78.0932	914.226
00170	-1.38548	-18.149	-25.6844	396.547	190.619	121.57	-78.4257	914.493
00171	-1.36762	-18.5204	-24.4222	396.249	190.539	121.011	-78.4968	913.854
00172	-2.08527	-18.198	-23.0721	395.313	191.269	119.42	-77.2704	913.045
00173	-2.76663	-18.0417	-22.362	394.791	190.752	118.605	-78.0975	913.135
00174	-1.86211	-18.4695	-21.0794	394.269	190.741	117.711	-78.0722	912.622
00175	-1.54052	-18.3099	-20.8376	393.547	191.231	116.56	-77.2912	912.575
00176	-2.31399	-17.9756	-19.8308	393.091	191.408	115.813	-76.9937	912.379
00177	-2.10192	-17.9815	-18.6084	392.101	190.569	114.278	-78.3461	912.651
00178	-1.3022	-17.8924	-16.6559	390.789	190.912	112.133	-77.7579	912.113
00179	-1.95871	-17.9336	-16.287	390.587	191.437	111.751	-76.8836	911.619
00180	-1.9722	-18.3004	-15.2395	390.257	191.591	111.171	-76.6005	911.143
00181	-2.6484	-18.0787	-14.5644	389.723	191.367	110.321	-76.9507	911.094
00182	-2.64736	-18.1212	-13.4715	388.944	191.662	109.051	-76.4588	910.79
00183	-3.02842	-17.8019	-12.307	388.238	191.392	107.952	-76.8976	910.936
00184	-2.32046	-17.8803	-11.6914	387.668	191.431	107.01	-76.8073	910.593
00185	-2.60858	-17.9983	-10.8347	387.154	191.548	106.165	-76.5979	910.315
00186	-2.01343	-18.1988	-10.1236	386.73	191.123	105.506	-77.2791	910.411
00187	-3.83098	-17.7738	-9.24114	386.094	191.305	104.494	-76.9862	910.362
00188	-3.41843	-17.7064	-8.33965	385.231	190.906	103.141	-77.6253	910.454
00189	-3.91968	-18.2045	-6.25208	383.953	190.794	101.019	-77.7245	909.543
00190	-3.43608	-18.4492	-4.64662	383.197	190.938	99.7806	-77.4627	909.147
00191	-3.87598	-18.7544	-4.37502	382.745	190.743	99.0466	-77.7552	908.964
00192	-3.90245	-18.8681	-3.56701	381.957	190.45	97.7996	-78.2143	908.929
00193	-4.34036	-19.1334	-1.55243	381.003	190.498	96.2972	-78.1421	908.958
00194	-4.05627	-19.2751	-0.625619	380.507	190.424	95.537	-78.2768	909.178
00195	-4.20534	-19.4054	0.00244104	380.105	190.014	94.8996	-78.922	909.149
00196	-5.24208	-19.6042	0.745451	379.531	190.437	93.9676	-78.2326	908.899
00197	-5.6258	-19.4897	2.41245	378.717	190.682	92.6996	-77.8609	909.07
00198	-5.76692	-19.6871	3.00104	378.648	190.557	92.5925	-78.0589	909.081
00199	-5.86178	-19.8153	4.95696	377.286	190.705	90.4543	-77.8364	909.217
00200	-5.09038	-19.4201	6.04566	376.293	191.312	88.8949	-76.8856	909.293
00201	-4.98638	-19.5674	7.26733	375.329	190.859	87.4162	-77.6396	909.752
00202	-5.82955	-19.7114	8.06793	374.836	190.959	86.6706	-77.5111	910.099
00203	-5.09244	-19.7351	8.85973	374.169	190.942	85.6366	-77.557	910.319
00204	-5.61545	-19.9258	9.42341	373.751	191.054	84.9634	-77.3686	910.188
00205	-5.88192	-20.1827	9.62843	373.093	191.356	83.9139	-76.881	910.075
00206	-6.02327	-20.4453	10.8922	372.218	190.836	82.5661	-77.7378	910.477
00207	-5.83415	-20.5332	11.5979	371.985	191.223	82.2177	-77.1449	910.694
00208	-5.92494	-20.8053	13.2876	371.102	191.063	80.8533	-77.4282	911.049
00209	-5.98448	-20.6972	14.9416	370.196	191.262	79.4422	-77.1349	911.318
00210	-6.41751	-21.5599	17.9884	368.36	191.567	76.5636	-76.6777	911.624
00211	-6.44517	-21.4294	19.0528	367.525	191.524	75.2851	-76.7919	912.159
00212	-6.41712	-21.2425	20.5234	366.66	191.482	73.9734	-76.92	912.89
00213	-6.32271	-21.0141	20.9747	366.318	192.268	73.393	-75.6331	912.409
00214	-7.29237	-21.1465	22.6498	365.717	192.164	72.5128	-75.8744	913.324
00215	-7.50689	-21.8716	24.0447	364.71	191.775	70.942	-76.5181	913.65
00216	-7.79035	-21.8867	24.1956	364.416	191.755	70.4986	-76.5747	913.947
00217	-7.46215	-22.0909	25.7295	363.319	192.265	68.7601	-75.7695	913.985
00218	-7.75845	-22.0727	26.7891	362.764	192.274	67.9206	-75.8016	914.553
00219	-7.57989	-22.2942	28.3763	362.091	192.124	66.8898	-76.0833	915.078
00220	-6.47308	-22.037	30.1125	361.166	192.807	65.4401	-75.0216	915.363
00221	-6.41548	-22.4733	33.1927	358.841	192.494	61.8462	-75.6443	916.874
00222	-7.79617	-23.133	33.536	358.12	193.638	60.6674	-73.7838	916.394
00223	-8.04822	-23.7052	34.6024	357.367	193.253	59.5295	-74.4732	917.343
00224	-7.66945	-23.2617	35.8204	357.103	193.123	59.1616	-74.746	918.142
00225	-8.11949	-23.7855	36.3573	356.417	193.389	58.0767	-74.3344	918.302
00226	-9.57738	-23.687	37.4149	356.276	193.952	57.9094	-73.5093	919.205
00227	-10.4318	-24.3663	38.5544	355.483	193.651	56.6908	-74.0521	919.98
00228	-9.76265	-24.3271	40.7992	354.12	194.081	54.5877	-73.4658	921.242
00229	-11.241	-25.5618	42.2478	353.244	193.35	53.3001	-74.7941	923.21
00230	-9.4758	-25.2855	43.8779	351.881	194.076	51.1487	-73.6804	923.829
00231	-10.8991	-25.5873	44.3351	352.231	194.04	51.7588	-73.8066	924.699
00232	-12.1045	-26.6197	45.5402	351.583	193.366	50.7792	-74.9771	925.786
00233	-11.9636	-26.5225	45.2913	351.803	193.257	51.1338	-75.1547	925.811
00234	-10.7028	-25.66	44.6721	351.867	193.528	51.1941	-74.6572	925.044
00235	-9.47647	-24.8831	44.5751	351.721	193.791	50.9362	-74.1988	924.61
00236	-12.0775	-26.0742	44.2196	352.466	193.612	52.1258	-74.4781	924.499
00237	-9.12311	-24.4874	44.9203	351.804	193.999	51.0701	-73.8676	924.636
00238	-10.215	-24.8932	44.2492	351.894	194.008	51.192	-73.8199	924.223
00239	-11.6976	-24.9748	44.0599	352.608	194.033	52.3492	-73.7967	924.432
00240	-10.4682	-24.4504	44.8751	352.073	194.348	51.4853	-73.2827	924.332
00241	-10.805	-24.9952	44.5386	351.597	194.169	50.7172	-73.5631	924.246
00242	-12.4114	-25.7089	44.2045	352.101	193.991	51.5022	-73.8164	923.84
00243	-10.9417	-23.8286	44.749	351.543	194.873	50.6428	-72.4521	924.476
00244	-12.0275	-24.0258	44.8831	351.772	194.616	51.0316	-72.8957	924.872
00245	-11.4528	-23.381	45.3826	351.371	195.651	50.3689	-71.206	924.516
00246	-12.0923	-23.3779	45.3809	351.25	195.82	50.1817	-70.944	924.649
00247	-12.2198	-22.7997	45.3757	351.516	195.537	50.6212	-71.4166	924.887
00248	-11.9436	-22.0201	45.5615	350.979	196.292	49.7405	-70.1787	924.539
00249	-11.1769	-21.1347	45.5739	350.931	196.175	49.6669	-70.373	924.621
00250	-12.3704	-21.192	45.4668	351.046	197.448	49.8042	-68.263	923.728
00251	-13.6038	-21.4339	44.2294	351.354	197.192	50.2743	-68.6398	923.291
00252	-11.9117	-20.9565	45.2335	350.525	197.35	48.9352	-68.3735	923.11
00253	-12.8702	-20.4015	44.7504	351.307	197.268	50.1899	-68.5052	923.116
00254	-13.2188	-20.7279	43.9867	351.207	197.31	49.9895	-68.3851	922.393
00255	-11.9918	-20.2831	44.2666	350.836	197.444	49.3818	-68.1511	922.13
00256	-10.2716	-20.141	44.6168	350.484	196.843	48.8146	-69.109	922.08
00257	-10.832	-20.3979	44.4915	350.641	196.988	49.0533	-68.858	921.818
00258	-10.7821	-20.6837	45.01	350.399	196.888	48.6551	-69.0021	921.612
00259	-12.2561	-21.0255	43.8952	351.246	197.009	49.9642	-68.7454	920.771
00260	-11.2486	-20.3182	44.3925	351.81	196.866	50.8704	-68.981	920.853
00261	-10.682	-20.5666	44.2061	351.634	197.172	50.5483	-68.4365	920.111
00262	-10.528	-20.3114	43.2355	351.979	196.76	51.0707	-69.0528	919.569
00263	-11.2367	-19.9296	41.9797	352.988	197.413	52.6112	-67.9195	918.343
00264	-10.0615	-18.6075	41.3615	353.691	197.316	53.7141	-68.0517	918.038
00265	-10.7631	-18.9176	39.9952	354.472	197.022	54.866	-68.4052	916.482
00266	-11.3154	-19.1577	39.2968	355.043	196.714	55.7331	-68.8422	915.777
00267	-8.76389	-18.2917	38.6859	354.58	197.348	54.927	-67.7471	914.618
00268	-9.78669	-18.1967	38.3129	355.612	196.856	56.5675	-68.5312	914.646
00269	-10.5427	-18.4822	37.5698	355.969	196.938	57.0791	-68.3348	913.748
00270	-9.01567	-17.7125	37.1799	356.342	197.335	57.6101	-67.634	912.804
00271	-8.94287	-17.7728	36.0203	356.832	197.264	58.3361	-67.6878	912.007
00272	-9.33854	-17.6463	35.7525	357.641	196.678	59.5992	-68.594	911.728
00273	-8.92985	-17.2931	34.9723	358.108	196.795	60.3003	-68.3655	911.143
00274	-8.80728	-17.2038	33.4935	358.721	196.807	61.2084	-68.2777	910.222
00275	-8.8435	-17.2522	32.3029	359.378	196.73	62.1912	-68.3382	909.411
00276	-8.37355	-17.1573	30.6244	360.283	196.133	63.5667	-69.2232	908.649
00277	-7.76582	-16.5731	29.4882	361.049	196.863	64.6981	-67.9893	907.559
00278	-6.89446	-16.5616	29.1102	361.31	196.604	65.0783	-68.3634	907.115
00279	-7.72279	-16.404	28.0879	362.136	195.83	66.4083	-69.6135	907.506
00280	-7.53006	-16.6399	27.9524	362.747	195.855	67.3243	-69.5272	906.889
00281	-7.63141	-16.1343	26.4827	363.607	196.244	68.6415	-68.8757	906.38
00282	-6.78286	-16.1613	26.2104	364.031	195.923	69.3051	-69.3773	906.332
00283	-7.37384	-16.1881	24.4762	364.728	195.857	70.3446	-69.425	905.603
00284	-7.18105	-15.7994	23.0725	365.719	196.053	71.8631	-69.0778	905.096
00285	-6.75765	-15.6773	22.248	366.322	196.277	72.7283	-68.647	904.064
00286	-7.21827	-15.4676	21.181	367.219	195.945	74.1545	-69.185	904.276
00287	-7.34629	-14.9239	18.8432	369.127	195.208	77.142	-70.3359	904.185
00288	-5.97674	-14.5671	17.486	369.903	195.871	78.2855	-69.2282	903.318
00289	-6.03671	-14.4637	16.5954	370.838	195.413	79.7344	-69.9306	903.11
00290	-5.29523	-14.035	14.2856	372.04	195.875	81.5601	-69.1552	902.444
00291	-5.92218	-14.0889	14.0593	372.799	195.236	82.7687	-70.1716	902.653
00292	-5.41446	-14.0715	12.6651	373.914	195.815	84.4226	-69.1876	901.657
00293	-5.9538	-13.666	10.8416	375.215	195.481	86.5308	-69.7674	902.389
00294	-4.81727	-13.4297	10.0537	375.969	195.53	87.6762	-69.6627	902.019
00295	-5.75137	-13.3613	9.05654	376.806	195.276	88.9828	-70.0563	901.975
00296	-4.80124	-13.2921	8.75444	377.323	195.27	89.7822	-70.0591	901.88
00297	-3.76834	-13.1869	7.19537	377.978	195.561	90.7281	-69.5418	901.076
00298	-4.69749	-13.155	4.86619	379.708	195.214	93.4559	-70.1003	901.278
00299	-4.23835	-12.8786	3.57824	380.686	195.051	94.9942	-70.3608	901.346
00300	-4.32668	-12.698	2.39846	381.451	195.66	96.1666	-69.3885	901.11
00301	-3.80175	-12.9117	1.43125	381.967	195.035	96.9944	-70.3817	901.294
00302	-3.81522	-12.6853	-0.852828	382.867	194.525	98.4958	-71.2473	902.156
00303	-3.34748	-12.4528	-1.91999	383.758	194.807	99.8665	-70.7876	901.924
00304	-3.35161	-12.4152	-2.30459	384.425	194.967	100.903	-70.5301	901.842
00305	-4.06457	-12.2234	-6.64492	387.058	194.462	105.114	-71.3805	902.596
00306	-2.43034	-12.3901	-9.31133	388.639	194.544	107.619	-71.2701	902.823
00307	-2.1666	-12.5343	-11.0837	390.003	195.085	109.742	-70.4114	902.692
00308	-1.96669	-12.3018	-12.4338	390.645	195.279	110.807	-70.1452	903.168
00309	-2.571	-12.5221	-13.5863	391.754	194.873	112.575	-70.7989	903.396
00310	-2.98194	-12.668	-15.317	392.826	194.616	114.285	-71.2208	903.616
00311	-2.70622	-12.4615	-16.7754	393.864	194.086	116.058	-72.1415	904.748
00312	-1.39665	-12.678	-17.8232	394.485	194.465	117.057	-71.5616	904.928
00313	-1.47044	-12.7225	-18.8237	395.213	194.337	118.257	-71.796	905.35
00314	-2.14222	-12.8691	-20.0213	396.693	194.948	120.547	-70.8126	905.07
00315	-1.45712	-13.0375	-21.6681	397.274	194.288	121.579	-71.9206	905.963
00316	-1.35396	-13.0691	-22.6865	397.992	194.62	122.729	-71.4096	906.105
00317	-1.18116	-13.1446	-25.7043	399.481	194.675	125.243	-71.4212	907.343
00318	-0.895471	-13.2649	-26.8096	400.419	194.986	126.812	-70.9818	908.003
00319	-1.03047	-13.0565	-28.6345	401.31	195.376	128.28	-70.4024	908.448
00320	-0.0600689	-13.6019	-30.6205	402.091	194.943	129.671	-71.1718	909.554
00321	0.22404	-13.6238	-31.6879	402.909	194.684	131.084	-71.6476	910.401
00322	0.93912	-14.0623	-33.6352	403.919	195.148	132.758	-70.9541	910.927
00323	0.149382	-13.9528	-35.5616	404.814	194.972	134.321	-71.3115	911.922
00324	0.580797	-13.6412	-36.4801	405.495	195.073	135.513	-71.2119	912.696
00325	0.36365	-14.3273	-38.7592	407.464	194.891	138.802	-71.5871	913.8
00326	1.10867	-14.1379	-39.5058	407.429	195.088	138.851	-71.3274	914.486
00327	1.96419	-14.8128	-41.1121	408.507	195.379	140.722	-70.9453	915.525
00328	0.808662	-13.3925	-41.9979	408.416	196.066	140.633	-69.881	915.879
00329	0.91236	-13.9714	-42.3858	408.952	195.673	141.461	-70.4933	915.729
00330	0.438761	-13.2753	-41.6888	408.63	195.547	140.928	-70.6827	915.586
00331	0.872985	-13.5191	-41.2867	408.664	195.266	140.923	-71.0998	915.205
00332	1.08693	-13.4427	-40.7175	408.094	195.333	139.967	-70.968	914.878
00333	2.11044	-13.7707	-40.6267	408.209	195.355	140.1	-70.9083	914.554
00334	0.955401	-13.1686	-40.3596	408.254	195.861	140.083	-70.0597	913.973
00335	-0.57279	-12.4228	-40.286	408.897	196.188	141.047	-69.5138	913.61
00336	-0.175762	-12.143	-40.3292	408.442	195.513	140.343	-70.5939	913.723
00337	0.387725	-12.3955	-39.9976	408.544	195.984	140.41	-69.7992	913.112
00338	-0.654389	-11.5124	-39.8312	408.734	196.418	140.621	-69.0668	912.518
00339	0.420638	-10.5447	-40.2348	408.142	197.315	139.639	-67.6236	912.233
00340	-0.50595	-9.41365	-39.6434	408.487	198.59	140.037	-65.5344	911.265
00341	0.0585479	-7.7359	-39.282	407.684	198.701	138.794	-65.3721	911.456
00342	-1.01432	-6.21317	-39.2631	407.965	199.687	139.171	-63.7803	911.009
00343	-1.82647	-6.04427	-39.0351	408.362	199.999	139.715	-63.2483	910.457
00344	-1.19083	-5.43862	-39.0247	408.33	199.889	139.619	-63.4016	910.164
00345	-0.709278	-4.84003	-38.9873	408.234	200.367	139.39	-62.6106	909.66
00346	-0.291897	-4.37219	-38.7777	408.335	200.891	139.519	-61.7704	909.464
00347	0.0825357	-4.01494	-38.6156	408.687	201.737	140.02	-60.4102	909.107
00348	-0.311555	-2.69745	-38.5323	408.389	202.276	139.567	-59.5664	909.221
00349	0.708321	-3.04773	-38.7616	408.768	201.92	140.096	-60.0988	908.767
00350	0.306768	-2.89649	-38.7614	408.699	202.056	139.935	-59.8619	908.428
00351	0.594051	-3.14715	-38.4276	408.879	202.03	140.245	-59.9142	908.599
00352	-0.683402	-2.35139	-37.8588	408.887	202.199	140.26	-59.6489	908.615
00353	-0.610278	-2.73127	-38.609	408.962	201.813	140.371	-60.2541	908.57
00354	-0.679486	-2.98641	-38.1485	409.217	201.899	140.768	-60.1162	908.534
00355	-0.318565	-2.76359	-38.0054	408.58	202.278	139.753	-59.5144	908.465
00356	-0.960793	-2.64583	-37.6369	408.384	201.883	139.448	-60.1387	908.49
00357	-1.24386	-2.58161	-36.7305	408.416	202.515	139.395	-59.0979	907.825
00358	-1.14118	-2.54145	-35.5501	407.589	202.493	138.016	-59.1001	907.33
00359	-1.40371	-2.72745	-34.7161	407.233	202.418	137.36	-59.1775	906.7
00360	-1.42867	-3.1299	-33.809	406.553	201.803	136.228	-60.1193	906.288
00361	-1.34035	-3.28779	-32.717	406.34	202.283	135.833	-59.3378	905.896
00362	-0.688007	-2.99326	-31.7825	405.206	201.917	134.064	-59.9201	905.994
00363	-0.103543	-3.24955	-30.8837	404.48	201.309	132.9	-60.8666	905.849
00364	-0.870249	-3.76489	-30.116	404.365	201.351	132.594	-60.7442	904.997
00365	-2.01149	-3.09878	-28.6496	403.794	201.728	131.614	-60.114	904.43
00366	-1.99681	-3.32653	-27.0041	403.139	202.008	130.422	-59.5991	903.292
00367	-1.79365	-3.55275	-25.2772	402.583	202.275	129.409	-59.1161	902.316
00368	-1.94825	-3.63726	-24.7836	401.665	201.016	127.976	-61.0909	902.356
00369	-2.3149	-3.21523	-22.7059	400.432	201.381	125.962	-60.4801	901.769
00370	-2.00646	-3.04978	-21.56	399.171	201.188	123.94	-60.7582	901.419
00371	-1.7935	-3.69179	-18.5245	397.436	201.211	121.026	-60.6244	899.957
00372	-2.22754	-3.37002	-16.7066	396.462	202.046	119.399	-59.2667	899.169
00373	-1.86724	-3.68997	-15.5187	395.537	201.624	117.927	-59.9123	898.959
00374	-2.12498	-3.53009	-13.8449	394.321	201.319	116.021	-60.384	898.892
00375	-2.4203	-3.52711	-12.7579	393.308	200.956	114.415	-60.9374	898.699
00376	-1.13119	-3.48413	-10.5434	391.677	201.113	111.822	-60.6678	898.326
00377	-1.60307	-3.47421	-9.12843	390.849	200.962	110.485	-60.877	897.954
00378	-2.21677	-3.74042	-7.86127	390.013	201.263	109.13	-60.3803	897.531
00379	-1.61559	-3.73205	-6.49318	388.956	200.672	107.471	-61.2948	897.431
00380	-1.93046	-3.9091	-5.45918	388.196	200.677	106.245	-61.2631	897.09
00381	-2.50314	-3.9858	-3.93827	387.206	200.714	104.666	-61.1832	896.769
00382	-3.34862	-4.39529	-0.329306	384.936	200.805	101.064	-61.0019	896.183
00383	-3.04117	-4.93001	0.750355	383.79	200.194	99.2804	-61.9526	896.18
00384	-3.67078	-4.87661	2.45682	382.835	200.466	97.7813	-61.5224	896.068
00385	-3.39897	-5.22345	4.11852	381.65	200.314	95.9018	-61.7343	895.728
00386	-3.10594	-5.27796	5.08486	380.938	199.891	94.8121	-62.4041	895.897
00387	-3.27109	-5.29385	6.89447	380.022	199.784	93.4334	-62.603	896.35
00388	-4.31107	-5.41627	7.72231	379.3	200.322	92.2807	-61.745	896.06
00389	-4.08769	-5.67351	8.24429	378.559	200.235	91.1068	-61.8669	895.861
00390	-4.60254	-5.75941	9.93065	377.801	200.594	89.9283	-61.3087	895.866
00391	-4.53969	-5.57001	11.2415	376.855	200.72	88.491	-61.1361	896.217
00392	-4.56849	-5.95095	12.9824	375.871	200.862	86.9667	-60.92	896.287
00393	-5.10667	-6.78811	16.317	373.542	200.481	83.3865	-61.5482	896.784
00394	-4.41846	-7.06592	18.052	372.446	200.313	81.7203	-61.8393	897.222
00395	-4.19071	-7.27899	19.1454	371.423	200.617	80.1376	-61.3746	897.356
00396	-4.05125	-7.26406	20.2162	370.527	201.071	78.7732	-60.6912	897.714
00397	-4.35844	-7.75016	22.1031	369.318	200.821	76.958	-61.1356	898.523
00398	-4.31038	-7.67425	23.6737	368.089	200.734	75.1053	-61.3252	899.305
00399	-4.17026	-7.67725	25.5345	366.947	200.836	73.3747	-61.2103	899.965
00400	-5.12593	-8.10548	27.1965	366.208	200.511	72.3031	-61.7901	900.997
00401	-4.6624	-8.51328	28.6842	364.812	200.411	70.1322	-61.9583	901.179
00402	-4.50707	-8.76389	30.6518	363.72	200.375	68.4892	-62.0742	902.045
00403	-6.81302	-9.97458	31.7114	363.096	200.134	67.5641	-62.5008	902.747
00404	-6.18615	-9.92182	34.502	360.968	200.19	64.3571	-62.5374	904.548
00405	-6.11019	-10.5434	35.2745	359.574	200.982	62.1751	-61.3016	904.672
00406	-5.95543	-10.7557	36.983	358.836	200.654	61.0859	-61.889	905.722
00407	-6.18566	-11.2121	38.1442	357.998	200.222	59.8389	-62.6426	906.791
00408	-6.8557	-11.5677	40.2267	356.766	200.366	57.9693	-62.4906	907.883
00409	-7.10111	-12.1315	40.9247	355.628	201.222	56.1884	-61.1554	908.108
00410	-7.23294	-12.3217	43.993	354.426	200.129	54.4057	-63.0096	909.992
00411	-8.02831	-13.1742	45.596	353.348	200.585	52.7561	-62.353	910.923
00412	-6.96557	-12.874	46.851	351.272	201.061	49.5507	-61.6997	912.393
00413	-8.49556	-13.6952	48.9319	350.63	200.264	48.6219	-63.076	914.038
00414	-7.88787	-13.4287	50.4035	349.363	200.875	46.6647	-62.18	915.113
00415	-8.0677	-13.2566	53.9068	347.419	201.915	43.7063	-60.7081	917.852
00416	-10.4611	-14.7611	53.9734	346.715	202.531	42.6142	-59.7682	918.501
00417	-9.90304	-15.2394	56.162	345.481	202.264	40.7083	-60.2855	919.909
00418	-6.86653	-13.7088	57.1423	344.555	202.504	39.2532	-59.9392	920.482
00419	-10.8464	-15.6624	56.9711	344.599	201.729	39.3398	-61.2029	920.855
00420	-11.3433	-15.8328	56.9632	344.408	201.767	39.0507	-61.1692	921.24
00421	-13.4549	-17.1312	56.4793	344.753	201.957	39.5806	-60.8319	920.755
00422	-10.5515	-15.5232	56.5893	344.06	202.625	38.4772	-59.7705	920.855
00423	-9.03403	-14.801	57.0329	343.789	202.56	38.0612	-59.9007	921.263
00424	-7.10533	-13.1689	57.5116	343.674	202.731	37.8925	-59.6515	921.639
00425	-10.4073	-14.6823	56.0962	344.463	203.001	39.1392	-59.1969	921.284
00426	-12.2018	-14.2747	56.279	344.726	203.245	39.5874	-58.8447	921.893
00427	-12.3674	-14.6177	56.5636	344.512	203.826	39.2347	-57.9022	921.672
00428	-11.7537	-12.844	57.2824	344.544	204.212	39.3073	-57.3136	922.154
00429	-11.5822	-12.342	56.652	343.689	205.023	37.9413	-56.0218	922.263
00430	-11.1826	-11.3769	56.8782	343.465	205.147	37.5954	-55.8418	922.581
00431	-10.3231	-9.34117	57.4697	344.139	206.269	38.6715	-54.0388	922.476
00432	-11.1446	-8.93954	57.6756	343.425	206.438	37.533	-53.7745	922.601
00433	-13.7078	-8.56629	56.603	344.737	208.19	39.5965	-50.9185	921.727
00434	-12.7401	-7.20028	57.1883	344.098	208.63	38.581	-50.223	921.888
00435	-10.4995	-4.45346	56.2873	343.694	209.999	37.9083	-47.9995	921.254
00436	-10.0083	-3.31721	56.9102	343.889	210.356	38.2098	-47.4152	921
00437	-12.5147	-4.04963	56.5584	343.418	210.457	37.417	-47.2025	920.028
00438	-12.7684	-3.82428	55.9124	343.799	211.011	37.9862	-46.2698	919.064
00439	-11.7118	-3.26381	55.5966	343.548	211.354	37.5738	-45.7084	918.785
00440	-10.2419	-2.52559	55.4921	343.361	211.613	37.2513	-45.2666	918.205
00441	-11.9355	-3.1725	55.4113	343.658	211.085	37.7151	-46.0946	917.939
00442	-11.0436	-2.99645	55.1006	343.572	211.165	37.5646	-45.9519	917.629
00443	-10.2323	-2.74398	55.0766	343.769	211.063	37.8685	-46.102	917.382
00444	-10.5892	-2.52675	55.7167	344.089	210.176	38.3961	-47.5369	917.791
00445	-10.8438	-2.76442	53.4835	344.241	210.969	38.61	-46.2386	917.116
00446	-10.0759	-2.90868	54.7736	344.341	210.33	38.7759	-47.2646	917.282
00447	-11.8135	-3.37311	54.4832	345.158	209.729	40.0722	-48.2167	917.172
00448	-8.12284	-1.46737	53.2886	345.485	210.23	40.5682	-47.3886	916.597
00449	-7.94218	-1.51119	52.3886	345.91	210.009	41.2274	-47.7209	916.219
00450	-12.4594	-3.89215	52.6137	346.987	209.11	42.9011	-49.1059	915.362
00451	-9.48254	-2.07605	51.5716	347.01	209.498	42.9264	-48.4759	915.141
00452	-10.5361	-2.82703	50.2613	348.271	209.443	44.88	-48.5099	914.109
00453	-11.8323	-3.18411	49.1864	349.016	208.855	46.0496	-49.4282	913.848
00454	-11.5919	-2.79529	48.4249	349.995	207.932	47.5688	-50.8555	913.179
00455	-10.209	-1.91932	47.1188	350.438	208.989	48.2404	-49.1498	912.608
00456	-9.17235	-1.93075	45.3417	350.584	209.794	48.4328	-47.8337	911.85
00457	-9.32708	-1.80662	44.3113	351.686	209.777	50.1047	-47.7912	910.535
00458	-8.38637	-1.18871	42.9667	352.585	209.648	51.4876	-47.9604	909.857
00459	-7.61829	-0.782137	41.6214	353.956	209.21	53.5686	-48.574	908.405
00460	-7.74503	-0.157637	40.3433	355.397	208.65	55.7966	-49.4169	907.654
00461	-7.95167	0.109704	39.3682	356.647	208.061	57.7397	-50.3218	907.237
00462	-9.01815	-0.606901	38.2502	357.668	208.135	59.2811	-50.1486	906.219
00463	-9.47598	-0.545467	36.6461	359.046	207.672	61.4036	-50.8386	905.533
00464	-8.70288	0.19872	34.7287	360.329	206.995	63.3759	-51.866	904.869
00465	-7.61618	0.402629	32.9931	361.122	207.845	64.5253	-50.4549	903.517
00466	-7.55485	0.966332	30.9486	362.903	207.575	67.2385	-50.8169	902.431
00467	-6.71484	1.31215	28.7428	364.309	207.311	69.348	-51.1615	901.216
00468	-6.64868	1.56018	26.1906	366.013	207.408	71.9259	-50.9469	900.102
00469	-6.96174	1.41171	24.3883	367.674	207.664	74.4136	-50.4727	898.789
00470	-7.3206	2.35631	20.4922	371	207.096	79.4948	-51.2876	897.534
00471	-7.60492	2.23999	18.6136	372.491	207.448	81.7278	-50.6837	896.546
00472	-6.52089	2.72907	16.2923	373.903	207.37	83.8665	-50.7688	895.902
00473	-6.54315	2.96335	14.6276	375.343	207.017	86.0763	-51.299	895.573
00474	-6.53452	3.15523	13.1005	376.436	207.126	87.7037	-51.0875	894.842
00475	-5.97108	3.63089	11.4725	377.597	206.99	89.4826	-51.2839	894.589
00476	-5.31879	3.74465	9.49067	378.939	206.758	91.5483	-51.6338	894.392
00477	-5.7121	3.8315	8.14183	380.106	206.861	93.3086	-51.4446	893.898
00478	-5.6558	3.79744	6.54791	381.319	206.507	95.1665	-51.9807	893.661
00479	-6.04331	4.24399	4.93466	382.353	206.169	96.7731	-52.5056	893.672
00480	-5.75821	4.31887	3.4385	383.523	206.054	98.5758	-52.6784	893.555
00481	-6.18073	4.86447	-0.344113	386.323	206.446	102.894	-52.0558	893.321
00482	-5.61441	4.82073	-2.58855	387.596	206.574	104.863	-51.8549	893.281
00483	-5.08806	4.73521	-4.18627	388.667	206.559	106.522	-51.8762	893.251
00484	-5.07255	4.71418	-5.30053	389.9	206.676	108.445	-51.6996	893.338
00485	-4.78884	5.20725	-7.47196	390.987	206.372	110.178	-52.1944	893.718
00486	-4.80944	5.09294	-9.41748	392.281	206.448	112.231	-52.0965	894.07
00487	-5.36826	5.14851	-11.8639	394.115	206.395	115.129	-52.2017	894.46
00488	-4.8303	5.06153	-14.0434	395.599	206.099	117.517	-52.6992	895.095
00489	-6.04388	4.75375	-16.6568	397.779	205.889	120.954	-53.0458	895.448
00490	-5.90944	5.27405	-19.8397	399.062	205.816	123.074	-53.2138	896.364
00491	-6.46002	4.80618	-24.9731	403.188	206.012	129.706	-52.9934	897.806
00492	-4.81049	4.43291	-27.4663	404.362	205.651	131.7	-53.6234	898.92
00493	-4.87491	4.01455	-29.9175	406.375	205.036	134.98	-54.6392	899.841
00494	-5.41267	4.5702	-32.4075	407.691	206.056	137.179	-53.1006	900.779
00495	-6.1877	4.73394	-33.5577	408.86	205.384	139.126	-54.1978	901.543
00496	-6.71342	4.82454	-34.6476	409.92	205.511	140.851	-54.0229	901.956
00497	-6.52671	4.40511	-36.1265	410.768	204.756	142.29	-55.2502	902.666
00498	-6.17997	4.28191	-36.5869	411.399	204.99	143.359	-54.9128	903.167
00499	-4.42357	3.66959	-37.7421	411.782	204.719	144.094	-55.3897	904.011
00500	-6.07448	3.98531	-38.286	413.352	205.986	146.673	-53.4424	904.709
00501	-5.05333	4.10624	-40.7004	413.833	205.193	147.67	-54.778	906.192
00502	-4.41222	3.18967	-43.0877	416.528	204.636	152.232	-55.7711	908.102
00503	-2.71091	3.16286	-44.6055	416.594	203.898	152.54	-57.0121	909.318
00504	-2.20089	2.48516	-45.967	417.874	203.504	154.694	-57.6828	910.098
00505	-1.65479	2.08701	-46.3756	418.347	203.771	155.586	-57.3146	910.945
00506	-2.22154	2.49304	-46.8738	419.575	204.16	157.712	-56.7644	912.003
00507	-3.79116	3.1695	-47.3224	420.745	204.39	159.724	-56.4572	912.912
00508	-3.17597	3.20887	-48.5197	421.253	204.666	160.744	-56.0952	914.14
00509	-3.00768	2.28274	-48.8258	422.654	204.236	163.081	-56.8158	914.767
00510	-4.51953	3.09858	-48.8641	423.538	204.788	164.653	-55.9963	915.699
00511	-3.5507	2.1134	-50.1216	424.558	204.416	166.491	-56.6619	916.887
00512	-2.52929	2.47652	-50.7278	424.472	204.903	166.536	-55.9472	917.897
00513	-2.70122	2.37398	-50.1502	425.68	204.943	168.522	-55.9029	918.226
00514	-2.58728	2.23361	-49.5515	425.816	205.027	168.721	-55.764	918.124
00515	-2.26348	2.13561	-49.9615	425.575	204.349	168.287	-56.8271	917.849
00516	-0.14179	0.75613	-50.1669	424.764	204.428	166.917	-56.6759	917.426
00517	-2.20537	2.54496	-50.0926	424.399	204.918	166.411	-55.9201	917.843
00518	-3.92162	2.36108	-48.8663	425.584	204.585	168.276	-56.4424	917.714
00519	-2.88073	2.05215	-48.8688	424.725	204.082	166.893	-57.2401	917.64
00520	-0.0317215	1.00901	-49.1918	423.503	204.04	164.871	-57.2801	917.22
00521	-3.37536	2.1741	-48.3024	424.404	204.665	166.292	-56.2808	917.146
00522	-2.97202	1.8047	-47.4192	424.138	204.739	165.777	-56.132	916.639
00523	-3.35316	2.05149	-47.9139	423.315	204.492	164.428	-56.5118	916.425
00524	-2.07955	1.86051	-47.9257	422.766	204.788	163.513	-56.0259	916.188
00525	-2.77801	2.69883	-47.5152	422.442	204.54	162.965	-56.4096	916.013
00526	-2.44192	1.73977	-46.6246	422.114	203.984	162.366	-57.2671	915.573
00527	-2.93244	2.0513	-46.3676	421.583	204.326	161.471	-56.7054	915.285
00528	-1.89192	1.67276	-45.4322	420.761	203.95	160.019	-57.2519	914.458
00529	0.197527	0.749502	-44.2779	418.9	203.577	156.912	-57.7882	913.576
00530	-0.855426	1.16211	-41.7629	417.751	203.346	154.925	-58.0927	912.605
00531	-0.922393	1.16236	-40.6472	416.565	202.517	152.93	-59.3613	911.921
00532	0.305043	0.794888	-37.686	414.81	203.509	149.926	-57.7053	910.559
00533	-0.818037	0.660852	-35.0349	413.257	202.678	147.261	-58.9355	909.269
00534	0.209743	-0.537882	-32.9013	411.762	201.54	144.681	-60.6403	907.888
00535	-1.246	-2.35947	-29.6649	410.914	201.436	142.933	-60.6287	905.281
00536	-1.09008	-2.78107	-26.305	408.33	200.24	138.725	-62.4436	904.335
00537	-0.756479	-3.54948	-23.3104	405.733	199.658	134.468	-63.2753	903.144
00538	0.354304	-4.96438	-20.352	403.376	198.783	130.674	-64.5984	902.464
00539	-0.754261	-5.70759	-16.785	400.9	198.481	126.7	-65.025	901.809
00540	-0.303536	-5.99755	-12.4928	397.954	198.429	122.07	-65.0963	901.682
00541	0.350744	-6.66783	-10.4779	396.032	197.783	119.127	-66.1454	902.185
00542	-0.621968	-7.40487	-8.12545	394.336	196.992	116.547	-67.4292	902.783
00543	0.0538668	-7.98815	-6.20557	392.407	196.441	113.601	-68.3409	903.405
00544	-0.803905	-8.799	-5.73076	391.599	195.645	112.42	-69.6437	904.109
00545	-0.646991	-9.89052	-3.75114	390.145	195.882	110.138	-69.2716	904.116
00546	-1.66441	-11.2431	-1.6659	388.613	194.774	107.852	-71.0904	905.115
00547	-1.83707	-12.1371	-0.943773	387.302	194.508	105.853	-71.5501	905.646
00548	-1.79661	-13.3424	0.947079	385.781	194.517	103.456	-71.5323	905.599
00549	-1.81717	-14.1291	2.00708	384.468	194.334	101.452	-71.8627	906.147
00550	-3.09636	-14.2231	3.94997	382.979	193.771	99.2562	-72.8585	907.504
00551	-2.8865	-14.573	4.40643	381.904	194.197	97.5842	-72.203	907.707
00552	-2.98492	-14.8397	4.78536	381.587	194.376	97.1563	-71.9736	908.37
00553	-3.91646	-14.9902	5.18252	381.22	194.546	96.6063	-71.7274	908.65
00554	-4.18521	-15.1478	5.13981	381.1	194.643	96.4082	-71.5674	908.567
00555	-2.84649	-14.9698	4.46034	380.962	194.753	96.2102	-71.4094	908.757
00556	-3.75078	-15.2001	4.5482	380.898	194.028	96.1693	-72.599	909.321
00557	-4.83099	-15.151	4.43778	380.93	194.721	96.1566	-71.4572	908.72
00558	-4.25111	-15.5403	5.02966	380.74	194.239	95.8991	-72.2496	909.124
00559	-4.34823	-15.4034	4.35103	380.822	194.063	96.002	-72.5073	908.876
00560	-3.87167	-15.1887	4.2649	380.792	194.416	95.9118	-71.9184	908.474
00561	-4.04182	-15.3118	4.91213	380.708	193.82	95.8288	-72.896	908.93
00562	-4.93095	-15.1909	4.409	380.921	194.41	96.1112	-71.9246	908.423
00563	-4.67316	-14.9887	4.1881	381.082	194.487	96.3309	-71.7775	908.109
00564	-3.92909	-15.0916	4.29292	381.013	194.636	96.1981	-71.5234	907.872
00565	-3.77927	-14.7662	4.08936	380.918	194.268	96.1174	-72.1561	908.528
00566	-4.32312	-14.7612	4.05313	381.025	194.282	96.3004	-72.1446	908.66
00567	-4.68099	-14.7091	3.67049	381.091	194.242	96.4188	-72.2189	908.799
00568	-3.35994	-14.4049	3.94403	381.001	194.645	96.2324	-71.5493	908.374
00569	-3.4725	-14.5885	3.84416	380.989	194.556	96.2322	-71.7043	908.562
00570	-3.10137	-14.3272	4.08031	381.128	194.506	96.4657	-71.7933	908.692
00571	-3.43017	-14.6578	4.48417	381.08	194.344	96.4227	-72.0735	908.994
00572	-3.74953	-14.5142	3.39457	381.281	194.608	96.7016	-71.6283	908.642
00573	-3.06318	-14.4695	3.48301	381.276	195.045	96.6568	-70.912	908.298
00574	-3.55375	-14.3905	3.35842	381.403	194.4	96.9198	-71.9762	908.887
